     PID     Inode
==================
       795      17822
       795      17823
       795      17824
       795      17808
       795      57245
       795      57246
       795      57247
       795      57248
       795      17826
       795      57249
       795      57250
       795      17827
       795      57251
       795      57252
       795      57253
       795      57254
       795      25847
       795      57255
       795      57256
       795      57257
       795      57258
       795      17847
       795      57259
       795      57260
       795      57261
       795      57262
       795      57263
       795      57264
       795      57265
       795      57266
       795      57267
       809      57269
       809      57270
       809      57271
       809      57272
       809      57273
       809      57274
       809      57275
       809      57276
       809      57277
       809      57278
       809      57279
       809      57280
       809      57281
       809      57282
       809      57283
       809      57284
       809      57285
       809      57286
       809      57287
       809      57288
       809      57289
       809      57290
       809      57291
       811      57293
       811      57294
       811      57295
       811      57296
       811      57297
       811      57298
       811      57299
       811      57300
       811      57301
       821      19721
       821      19722
       821      19723
       821      19720
       821      19724
       821      57302
       821      57303
       821      57304
       821      57305
       821      57306
       821      57307
       821      57308
       821      57309
       821      57310
       821      57311
       821      57312
       821      57313
       821      57314
       821      57315
       821      57316
       821      57317
       821      57318
       821      57319
       821      57320
       821      57321
       821      57322
       821      57323
       821      57324
       821      57325
       821      57326
       821      57327
       821      57328
       821      57329
       821      57330
       821      57331
       821      57332
       821      57333
       821      57334
       821      57335
       821      57336
       821      57337
       821      57338
       821      57339
       821      57340
       821      89862
       821      89863
       821      89864
       821      89865
       821      89866
       821     105995
       821     105996
       821     161752
       821     161753
       838      57342
       838      57343
       838      57344
       838        420
       838      63489
       838      63490
       838      63491
       838      63492
       838      63493
       838      63494
       838      63495
       838      63496
       838      63497
       838      63498
       838      63499
       838      63500
       838      63501
       838      63502
       873      63503
       873      63504
       873      63505
       873      16897
       873      63506
       873      63507
       873      63508
       873      63509
       873      63510
       873      63511
       873      63512
       873      63513
       873      63514
       873      63515
       873      63516
       873      63517
       873      63518
       873      63519
       873      63520
       873      63521
       873      63522
       873      63523
       873      63524
       873      63525
       873      63526
       873      63527
       873      63528
       873      63529
       873      63530
       873      63531
       873      63532
       873      63533
       873      63534
       873      63535
       873      63536
       873      63537
       873      63538
       873     105997
       873      63540
       873      63541
       875      63545
       875      63546
       875      63547
       875      22764
       875      63548
       875      63549
       875      63550
       875      63551
       875      63552
       875      63553
       875      63554
       875      63555
       875      63556
       875      63557
       875      63558
       875      63559
       875      63560
       875      63561
       875      63562
       875      63563
       875      63564
       875      63565
       875      63566
       875      63567
       875      63568
       875      63569
       875      63570
       875      63571
       875      63572
       875      63573
       875      63574
       875      63575
       875      63576
       875      63577
       875      63578
       875      63579
       875      63580
       875      63581
       875      63582
       875      63583
       875      63584
       875      63585
       875      63586
       875      63587
       875      63588
       875      63589
       875      63590
       875      63591
       876      63592
       876      63593
       876      63594
       876      26880
       876      63595
       876      63596
       876      63597
       876      63598
       876      63599
       876      63600
       876      63601
       876      63602
       876      63603
       876      63604
       876      63605
       876      63606
       876      63607
       876      63608
       876      63609
       876      63610
       876      63611
       876      63612
       876      63613
       876      63614
       876      63615
       876      63616
       876      63617
       876      28088
       876      16934
       876      63618
       876      63619
       876      63620
       876      63621
       876      21167
       876      63622
       876      63623
       876      63624
       876      63625
       876      63626
       876      63627
       876      63628
       876      63629
       876      63630
       876      63631
       876      63632
       876      63633
       876      63634
       876      63635
       876      63641
       895      63642
       895      63643
       895      63644
       895      16911
       895      63645
       895      63646
       895      63647
       907      63648
       907      63649
       907      63650
       907      17910
       907      63651
       907      63652
       907      63653
       907      63654
       907      63655
       907      63656
       931      63657
       931      63658
       931      63659
       931      16923
       931      63660
       931      63661
       931      63662
       931      63663
       931      63664
       931      63665
       931      63666
       931      63667
       931      63668
       931      63669
       931      63670
       931      63671
       931      63672
       931      63673
       931      63674
       931      63675
       931      63676
       931      63677
       931      63678
       931      63679
       931      63680
       931      19782
       931      63681
       931      28244
       931      63682
       931      63683
       931      21212
       931      21794
       931      63684
       931      20192
       931      63685
       931      63686
       931      63687
       931      63688
       931      63689
       931      63690
       931      63691
       931      63692
       931      33363
       931      41297
       931      63693
       931      63694
       931      63695
       931      63696
       931      63697
       931      63698
       931      63699
       931      63700
       931      63701
       931      63702
       931      63703
       931      63704
       931      63705
       931      63706
       931      28720
       931      63707
       931      63708
       931      63709
       931      63710
       931      63711
       931      63712
       931      28724
       931      19912
       931      28727
       931      63713
       931      63714
       931      63715
       931      63716
       931      63717
       931      63718
       931      63719
       931      63720
       931      63721
       931      63722
       931      17159
       931      63723
       931        649
       931      63724
       931      63725
       931      63726
       931      63727
       931      63728
       931      63729
       931      30540
       931      53421
       931      63730
       931      63731
       931      63732
       931      63733
       931      89867
       931      63734
       931      63735
       931      89868
       931      63736
       931      63737
       931      89869
       931      89870
       931      89871
       931      89872
       931      89873
       931      89874
       931      67606
       931      89875
       931      89876
       931      89877
       931      89878
       931      89879
       931      89880
       931      89881
       931      89882
       931      89883
       931      89884
       931      67607
       931      89885
       931      89886
       931      89887
       931     105998
       931      89888
       931      89889
       931      89890
       931      89891
       931      89892
       931      89893
       931      89894
       931      89895
       931      89896
       931      89897
       931      89898
       931      89899
       931      89900
       931      89901
       931      89902
       931      89903
       931      89904
       931      89905
       931      89906
       931      89907
       931      72933
       931     105999
       931      89908
       931      60244
       931     106000
       931     106001
       931     106002
       931      89909
       931      89910
       931      89911
       931      89912
       931      89913
       931      89914
       931      89915
       931     106003
       931     106004
       931     106005
       931     106006
       931     136201
       931     106007
       931     136202
       931      96947
       931     136203
       931     136204
       931     136205
       931     136206
       931     106008
       931     106009
       931     136207
       931     136208
       931     136209
       931     136210
       931     136211
       931     136212
       931     136213
       931     136214
       931     136215
       931     136216
       931     136217
       931     136218
       931     136219
       931     136220
       931     136221
       933      63740
       933      63741
       933      63742
       933      17927
       933      63743
       933      63744
       933      63745
       933      63746
       933      63747
       933      63748
       933      63749
       933      63750
       933      63751
       933      17963
       933      63752
       933     210630
       947      63753
       947      63754
       947      63755
       947       1575
       947      63756
       947      63757
       947      63758
       947      63759
       951      63760
       951      63761
       951      63762
       951        510
       951      63763
       951      63764
       951      63765
       951      63766
       951      63767
       951      63768
       962      63769
       962      63770
       962      63771
       962      22844
       962      63772
       962      63773
       962      63774
       962      63775
       962      63776
       962      63777
       966      63778
       966      63779
       966      63780
       966      16989
       966      63781
       966      63782
       966      63783
       966      63784
       966      63785
      1033      63786
      1033      63787
      1033      63788
      1033      21209
      1033      63789
      1033      63790
      1033      63791
      1033      63792
      1033      63793
      1033      63794
      1033      63795
      1033      63796
      1033      63797
      1033      63798
      1033      63799
      1033      63800
      1033      63801
      1033      63802
      1033      63803
      1033      63804
      1033      63805
      1033      63806
      1033      63807
      1035      63808
      1035      63809
      1035      63810
      1035      28248
      1035      63811
      1035      63812
      1035      63813
      1035      63814
      1035      63815
      1035      63816
      1035      63817
      1035      63818
      1035      63819
      1035      63820
      1035      63821
      1035      63822
      1035      63823
      1035      63824
      1035      63825
      1035      63826
      1035      63827
      1035      63828
      1035      63829
      1035      63830
      1035      63831
      1035      63832
      1035      63833
      1035      63834
      1084      24283
      1084      24284
      1084      24285
      1084      26240
      1084      24286
      1084      63867
      1084      63868
      1084      63869
      1084      63870
      1084      63871
      1084      63872
      1084      63873
      1084      63874
      1084      63875
      1084      63876
      1084      63877
      1084      63878
      1084      63879
      1084      63880
      1084      63881
      1084      63882
      1084      63883
      1084      63884
      1084      63885
      1084      63886
      1084      63887
      1084      63888
      1084      63889
      1084      63890
      1084      63891
      1084      63893
      1084      63894
      1084      63895
      1084      63896
      1084      63897
      1084      63898
      1084      63899
      1084      63900
      1084      63901
      1084      63902
      1084      63905
      1084      63906
      1084      63907
      1084      89918
      1084      63908
      1084      63909
      1084      63910
      1084      63911
      1084      63912
      1084      63913
      1084      89919
      1084     106010
      1084     106011
      1084     106012
      1084     136222
      1084     106013
      1084     106014
      1084     136223
      1084     136224
      1184      24291
      1184      24292
      1184      24293
      1184      24294
      1184      24295
      1184      24296
      1184      24297
      1184      24298
      1442      63916
      1442      63917
      1442      63918
      1442      63919
      1442      63920
      1442      63921
      1442      63922
      1442      63923
      1442      63924
      1442      63925
      1442      63926
      1442      63927
      1442      63928
      1442      63929
      1442      63930
      1442      63931
      1442      63932
      1442      63933
      1442      63934
      1442      63935
      1442      63936
      1442      63937
      1442      63938
      1442      63939
      1442      63940
      1442      63941
      1442      63942
      1442      63943
      1442      63944
      1442      63945
      1442      63946
      1442      63947
      1442      63948
      1442      63949
      1442      63950
      1442      63951
      1442      63952
      1442      63953
      1442      63954
      1442      63955
      1442      63956
      1442      63957
      1442      63958
      1442      63959
      1442      63960
      1442      63961
      1442      63962
      1442      63963
      1442      63964
      1442      63965
      1442      63966
      1442      63967
      1442      63968
      1442      63969
      1442      63970
      1442      63971
      1442      63972
      1442      63973
      1442      63974
      1442      63975
      1442      63976
      1442      63977
      1442      63978
      1442      63979
      1442      63980
      1442      63981
      1442      63982
      1442      63983
      1442      63984
      1442      63985
      1442      63986
      1442      63987
      1442      63988
      1442      63989
      1442      63990
      1442      63991
      1442      63992
      1442      63993
      1442      63994
      1442      63995
      1442      63996
      1442      63997
      1442      63998
      1442      63999
      1442      64000
      1442      64001
      1442      64002
      1442      64003
      1442      64004
      1442      64005
      1442      64006
      1442      64007
      1442      64008
      1442      64009
      1442      64010
      1442      64011
      1442      64012
      1442     136226
      1442      64013
      1442      64014
      1442      64015
      1442      64016
      1442      64017
      1442      64018
      1442      64019
      1442      64020
      1442      64021
      1442      64022
      1442      64023
      1442      64024
      1442      64025
      1442      64026
      1442      64027
      1442      64028
      1442      64029
      1442      64030
      1442      64031
      1442      64032
      1442      64033
      1442      64034
      1442      64035
      1446      36598
      1446      36599
      1446      36600
      1446      36601
      1446      36602
      1446      36603
      1446      36604
      1446      36605
      1446      36606
      1446      36607
      1446      36608
      1446      36609
      1447      34836
      1447      34837
      1447      34838
      1447      34839
      1447      34840
      1447      34841
      1447      34842
      1447      34843
      1447      34844
      1447      34845
      1447      34846
      1447      34848
      1449      64038
      1449      64039
      1449      64040
      1449      64041
      1449      64042
      1449      64043
      1449      64044
      1449      64045
      1449      64046
      1449      64047
      1449      64048
      1449      64049
      1449      64050
      1472      27382
      1472      27383
      1472      27384
      1472      27385
      1472      27386
      1472      27387
      1472      27388
      1472      27389
      1472      27390
      1472      27391
      1472      27392
      1472      27393
      1472      27394
      1472      27395
      1472      27396
      1472      27397
      1472      27398
      1472      27399
      1472      27400
      1472      27401
      1472      27402
      1472      27403
      1472      27404
      1472      27405
      1472      27406
      1472      27407
      1472      27408
      1472      27409
      1472      27410
      1472      27411
      1472      27412
      1472      27413
      1472      27414
      1472      27415
      1472      27416
      1472      27417
      1472      27418
      1472      27419
      1472      27420
      1472      64051
      1472      64052
      1472      64053
      1472      64054
      1472      64055
      1472      64056
      1472      64057
      1472      64058
      1472      64059
      1472      64060
      1472      64061
      1472      64062
      1472      64063
      1472      64064
      1472      64065
      1472      64066
      1472      64067
      1472      64068
      1472      64069
      1472      64070
      1472      64071
      1472      64072
      1472      64073
      1472      64074
      1472      64075
      1472      64076
      1472      64077
      1472      64078
      1472      64079
      1472      64080
      1472      64081
      1472      64082
      1472      64083
      1472      64084
      1472      64085
      1472      64086
      1472      64087
      1472      64088
      1472      64089
      1472      64090
      1472      64091
      1472      64092
      1472      64093
      1472      64094
      1483      34871
      1483      34872
      1483      34873
      1483      34874
      1483      34875
      1483      34876
      1483      34877
      1483      34878
      1483      34879
      1483      34880
      1483      34881
      1483      34882
      1483      34883
      1483      34884
      1483      34885
      1483      34886
      1483      34887
      1483      34888
      1483      34889
      1483      34890
      1483      34891
      1483      34892
      1483      34893
      1483      34894
      1483      34895
      1483      34896
      1483      34897
      1483      34899
      1483      34901
      1483      34902
      1483      34903
      1483      34905
      1483      34910
      1483      34953
      1509      64097
      1509      64098
      1509      64099
      1509      64100
      1509      64101
      1509      64102
      1509      64103
      1509      64104
      1509      64105
      1509      64106
      1509      64107
      1509      64108
      1509      64109
      1509      64110
      1509      64111
      1509      64112
      1509      64113
      1509      64114
      1509      64115
      1509      64116
      1509      64117
      1509      64118
      1509      64119
      1509      64120
      1509      64121
      1509      64122
      1509      64123
      1509      64124
      1509      64125
      1509      64126
      1509      64127
      1509      64128
      1509      64129
      1509      64130
      1509      64131
      1509      64132
      1509      64133
      1509      64134
      1509      64135
      1536      34397
      1536      34398
      1536      34399
      1536      34400
      1536      34401
      1536      34402
      1536      34403
      1536      34404
      1536      34405
      1536      34406
      1536      34407
      1536      34408
      1536      34409
      1536      34410
      1536      34411
      1536      34412
      1536      34413
      1536      34414
      1536      34415
      1536      34416
      1536      34417
      1536      34418
      1536      34419
      1536      34420
      1536      34421
      1536      34422
      1536      34423
      1536      34424
      1536      34425
      1536      34426
      1536      34427
      1536      34428
      1536      34429
      1536      34430
      1536      34431
      1536      34432
      1536      34433
      1536      34434
      1536      34435
      1536      34436
      1536      34438
      1536      34439
      1536      34440
      1536      34441
      1536      34442
      1536      34443
      1536      34444
      1536      34445
      1536      34446
      1536      34447
      1536      34448
      1536      34449
      1536      34450
      1536      34451
      1536      34453
      1536      34454
      1536      34455
      1536      34456
      1536      34457
      1536      34458
      1536      34459
      1536      34460
      1536      34461
      1536      34462
      1536      34463
      1536      34464
      1536      34465
      1536      34466
      1536      34467
      1536      34468
      1536      34469
      1536      34470
      1536      34471
      1536      34472
      1536      34473
      1536      34474
      1536      34475
      1536      34476
      1536      34477
      1536      34478
      1536      34479
      1536      34480
      1536      34481
      1536      34482
      1536      34483
      1536      34484
      1536      34485
      1536      34486
      1536      34487
      1536      34488
      1536      34489
      1536      34490
      1536      34492
      1536      34493
      1536      34494
      1536      34495
      1536      34496
      1536      34497
      1536      34498
      1536      34500
      1536      34502
      1536      34506
      1536      34507
      1536      34510
      1536      64136
      1536     210631
      1536      64138
      1536      64139
      1536      64140
      1536      64141
      1536      64142
      1536      64143
      1536      64144
      1536      64145
      1536      64146
      1536      64147
      1536      64148
      1536      64149
      1536      64150
      1536      64151
      1536      64152
      1536      64153
      1536      64154
      1536      64155
      1536      64156
      1536      64157
      1536      64158
      1536      64159
      1536      64160
      1536      64161
      1536      64162
      1536      64163
      1536      64164
      1536      64165
      1536      64166
      1536      64167
      1536      64168
      1536      64169
      1536      64170
      1536      64171
      1536      64172
      1536      64173
      1536      64174
      1536      64175
      1536      64176
      1536      64177
      1536      64178
      1536      64179
      1536      64180
      1536     210632
      1536     136227
      1536     136228
      1536      64181
      1536     161757
      1578      33203
      1578      33204
      1578      33205
      1578      33206
      1578      33207
      1578      33208
      1578      33209
      1578      33210
      1578      33211
      1578      33212
      1578      33213
      1578      33214
      1578      33215
      1578      33216
      1578      33217
      1578      33218
      1578      33219
      1578      33220
      1578      33221
      1578      33222
      1578      33223
      1578      33224
      1578      33225
      1578      33226
      1578      33227
      1578      33228
      1578      33229
      1578      33230
      1578      33306
      1735      64377
      1735      64378
      1735      64379
      1735      33385
      1735      64380
      1735      64381
      1735      64382
      1735      64383
      1735      64384
      1735      64385
      2527      64386
      2527      64387
      2527      64388
      2527      64389
      2527      64390
      2527      64391
      2527      64392
      2527      64393
      2527      64394
      2527      64395
      2527      64396
      2527      64397
      2527      64398
      2527      64399
      2527      64400
      2527      64401
      2527      64402
      2527      64403
      2527      64404
      2527      64405
      2527      64406
      2527      64407
      2527      64408
      2527      64409
      2527      64410
      2527      64411
      2527      64412
      2527      64413
      2527      64414
      2527      64415
      2527      64416
      2527      44566
      2527      46522
      2527      46530
      2527      46535
      2527      64417
      3370      64418
      3370      64419
      3370      64420
      3370      64421
      3370      64422
      3370      64423
      3370      64424
      3370      64425
      3370      64426
      3370      64427
      3370      64428
      3370      64429
      3370      64430
      3370      64431
      3370      64432
      3370      40628
      3370      64433
      3370      64434
      3370      64435
      3370      64436
      3370      64437
      3370      64438
      3370      64439
      3370      64440
      3370      64441
      3370      64442
      3370      64443
      3370      64444
      3370      64445
      3370      64446
      3370      64447
      3370      64448
      3370      64449
      3370      64450
      3370      64451
      3370      64452
      3370      64453
      3370      64454
      3370      64455
      3370      64456
      3370      64457
      3370      64458
      3370      64459
      3370      64460
      3370      64461
      3370      64462
      3370      64463
      3370      64464
      3370      64465
      3370      64466
      3370      64467
      3370     106023
      3385      64468
      3385      64469
      3385      64470
      3385      51676
      3385      64471
      3385      64472
      3385      64473
      3385      64474
      3385      64475
      3385      64476
      3385      64477
      3385      64478
      3385      64479
      3385      64480
      3385      64481
      3385      64482
      3385      64483
      3385      64484
      3385      64485
      3385      64486
      3385      64487
      3385      64488
      3385      64489
      3385      64490
      3385      64491
      3385      64492
      3385      64493
      3385      64494
      3385      64495
      3385      64496
      3386      64497
      3386      64498
      3386      64499
      3386      53444
      3386      64500
      3386      64501
      3386      64502
      3386      64503
      3386      64504
      3386      64505
      3386      64506
      3386      64507
      3386      64508
      3386      64509
      3386      64510
      3386      64511
      3386      64512
      3386      64513
      3386      64514
      3386      64515
      3386      64516
      3386      64517
      5346      89944
      5346      89945
      5346      89946
      5346      66815
      5346      89947
      5346      89948
      5346      89949
      5346      89950
      5346      89951
      5346      89952
      5346      89953
      5346      89954
      5346      89955
      5346      89956
      5346      89957
      5346      89958
      5346      89959
      5346      89960
      5346      89961
      5346      89962
      5346      89963
      5346      89964
      5346      89965
      5346      89966
      5346      89967
      5351      70860
      5351      70861
      5351      70862
      5351      70863
      5351      70864
      5351      70865
      5351      70866
      5351      70867
      5351      70868
      5351      70869
      5351      70870
      5351      70871
      5351      70872
      5351      70873
      5351      70874
      5351      70875
      5351      70876
      5351      70877
      5351      70878
      5351      70879
      5351      70880
      5351      70881
      5351      70882
      5351      70883
      5351      70884
      5351      70885
      5351      70886
      5351      70887
      5351      70888
      5351      70889
      5351      70890
      5351      70891
      5351      70892
      5351      70893
      5351      70894
      5351      70895
      5351      70896
      5351      70897
      5351      70898
      5351      70899
      5351      70900
      5351      70901
      5351      70902
      5351      70903
      5351      70904
      5351      70905
      5351      70906
      5351      70907
      5351      70908
      5351      70909
      5351      70910
      5351      70911
      5351      70912
      5351      70913
      5351      70914
      5351      70915
      5351      70916
      5351      70917
      5351      70918
      5351      70919
      5351      70920
      5351      70921
      5351      70922
      5351      61948
      5351      70923
      5351      70924
      5351      70925
      5351      70926
      5351      70927
      5351      70928
      5351      70929
      5351      70930
      5351      70931
      5351      70932
      5351      70933
      5351      70934
      5351      70935
      5351      70936
      5351      70937
      5351      70938
      5351      70939
      5351      70940
      5351      70941
      5351      70942
      5351      70943
      5351      70944
      5351      70945
      5351      70946
      5351      70947
      5351      70948
      5351      70949
      5351      70950
      5351      70951
      5351      70952
      5351      70953
      5351      70954
      5351      70955
      5351      70956
      5351      70957
      5351      70958
      5351      70959
      5351      70960
      5351      70961
      5351      70962
      5351      70963
      5351      70964
      5351      70965
      5351      70966
      5351      70967
      5351      70968
      5351      70969
      5351      70970
      5351      70971
      5351      70972
      5351      70973
      5351      70974
      5351      70975
      5351      70976
      5351      70977
      5351      70978
      5351      70979
      5351      70980
      5351      70981
      5351      70982
      5351      70983
      5351      70984
      5351      70985
      5351      70986
      5351      70987
      5351      70988
      5351      70989
      5351      70990
      5351      70991
      5351      70992
      5351      70993
      5351      70994
      5351      70995
      5351      70996
      5351      70997
      5351      70998
      5351      70999
      5351      71000
      5351      71001
      5351      71002
      5351      71003
      5351      71004
      5351      71005
      5351      71006
      5351      71007
      5351      71008
      5351      71009
      5351      71010
      5351      71011
      5351      71012
      5351      71013
      5351      71014
      5351      71015
      5351      71016
      5351      71017
      5351      71018
      5351      71019
      5351      71020
      5351      71021
      5351      71022
      5351      71023
      5351      71024
      5351     128911
      5351      71025
      5351      71026
      5351      71027
      5351     101015
      5351      71028
      5351      71029
      5351      71030
      5351      71031
      5351      71032
      5351      71033
      5351     101016
      5351      71034
      5351      71035
      5351      71038
      5351      71040
      5351      71041
      5351      71042
      5351      71043
      5351      71044
      5351      71045
      5351      71046
      5351      71047
      5351     128912
      5351      71048
      5351      71049
      5351      71050
      5351      71051
      5351      71052
      5351      71053
      5351      71054
      5351      89968
      5351      71055
      5351      89969
      5351      89970
      5351      89971
      5351      89972
      5355      71058
      5355      71059
      5355      71060
      5355      71061
      5356      71064
      5356      71065
      5356      71066
      5356      71067
      5358      89974
      5358      89975
      5358      89976
      5358      89977
      5358      89978
      5358      89979
      5358      89980
      5358      89981
      5360      89983
      5360      89984
      5360      89985
      5360      89986
      5360      89987
      5360      89988
      5366      60003
      5366      60004
      5366      60005
      5366      60006
      5366      60007
      5366      60008
      5366      60009
      5366      60010
      5366      60011
      5366      60012
      5366      60013
      5366      60014
      5366      71069
      5367      53205
      5367      53206
      5367      53207
      5367      53208
      5367      53209
      5367      53210
      5367      53211
      5367      53212
      5367      53213
      5367      53214
      5367      53215
      5367      53216
      5367      53246
      5367      53247
      5368      65919
      5368      65920
      5368      65921
      5368      65922
      5368      65923
      5368      65924
      5368      65925
      5371      71076
      5371      71077
      5371      71078
      5371      71079
      5371      71080
      5371      71081
      5371      71082
      5371      71083
      5371      71084
      5371      71085
      5371      71086
      5371      71087
      5371      71088
      5371      71089
      5371      71090
      5392      61996
      5392      61997
      5392      61998
      5392      61999
      5392      62000
      5392      62001
      5392      62002
      5392      62003
      5392      62004
      5392      62005
      5392      62006
      5392      62007
      5392      62008
      5392      62009
      5392      62010
      5392      62011
      5392      62012
      5392      62013
      5392      62014
      5392      62015
      5392      62016
      5392      62017
      5392      62018
      5392      62019
      5392      62020
      5392      62021
      5392      62022
      5392      62023
      5392      62024
      5392      62025
      5392      62026
      5392      62027
      5392      62028
      5392      62029
      5392      62030
      5392      62031
      5392      62032
      5392      62033
      5392      62034
      5392      62035
      5392      71092
      5392      71093
      5392      71094
      5392      71095
      5392      71096
      5392      71097
      5392      71098
      5392      71099
      5392      71100
      5392      71101
      5392      71102
      5392      71103
      5392      71104
      5392      71105
      5392      71106
      5392      71107
      5392      71109
      5392      71110
      5392      89989
      5392      71112
      5392     101017
      5392      71113
      5392      71114
      5392      71115
      5392      89990
      5392      71116
      5392      71117
      5392      71118
      5392      71119
      5392      89991
      5392      89992
      5392      89993
      5392      89994
      5392      89997
      5392      89998
      5392      89999
      5392      90000
      5392      90001
      5392      90002
      5392      90003
      5392     101018
      5392      90006
      5392      90007
      5397      60818
      5397      60819
      5397      60820
      5397      60821
      5397      60822
      5397      60823
      5397      60824
      5397      60825
      5397      60826
      5397      60827
      5397      60828
      5397      60829
      5397      60830
      5397      60831
      5397      60832
      5397      60833
      5397      60834
      5397      60835
      5397      60836
      5397      60837
      5397      60838
      5397      60839
      5397      60840
      5397      60841
      5397      60842
      5397      60843
      5397      60844
      5397      60846
      5397      60847
      5397      60848
      5397      60849
      5397      60850
      5397      60851
      5397      60852
      5397      60854
      5397      60855
      5397      60890
      5406      66826
      5406      66827
      5406      66828
      5406      66829
      5406      66830
      5406      66831
      5406      66832
      5406      66833
      5406      66834
      5406      66835
      5406      66836
      5406      66837
      5406      66838
      5406      71123
      5406      66839
      5406      71124
      5406      71125
      5406      66840
      5406      66841
      5406      66842
      5406      71126
      5406      71127
      5406      71128
      5406      71129
      5406      71130
      5406      71131
      5406      71132
      5406      71133
      5406      71134
      5406      71135
      5406      71136
      5406      71137
      5406      71138
      5406      90009
      5421      71141
      5421      71142
      5421      71143
      5421      71144
      5421      71145
      5421      71146
      5421      71147
      5421      71148
      5421      71149
      5421      71150
      5421      71151
      5421      71152
      5421      71153
      5421      71154
      5421      71155
      5421      71156
      5421      71157
      5421      71158
      5421      71159
      5421      71160
      5421      71161
      5421      71162
      5421      71163
      5421      71164
      5421      71165
      5421      71166
      5421      71167
      5421      71168
      5421      71169
      5421      71170
      5421      71171
      5421      71172
      5421      71173
      5421      71174
      5421      71175
      5421      71176
      5421      71177
      5421      71178
      5421      71179
      5421      71180
      5430      66847
      5430      66848
      5430      66849
      5430      66850
      5430      66851
      5430      66852
      5430      66853
      5430      66854
      5430      66855
      5430      66856
      5430      66857
      5430      66858
      5430      66859
      5430      71182
      5430      66860
      5430      71183
      5430      71184
      5430      66861
      5430      66862
      5430      66863
      5430      71185
      5430      71186
      5430      71187
      5430      71188
      5430      71189
      5430      71190
      5430      71192
      5430      71194
      5430      71195
      5430      71196
      5430      71197
      5430      71198
      5430      71200
      5430      71201
      5430      71206
      5430      71216
      5430      71217
      5430      71218
      5430      71219
      5430      71221
      5430      71222
      5528      62083
      5528      62084
      5528      62085
      5528      62086
      5528      62087
      5528      62088
      5528      62089
      5528      62090
      5528      62091
      5528      62092
      5528      62093
      5528      62094
      5528      62095
      5528      71224
      5528      62096
      5528      71225
      5528      71226
      5528      62097
      5528      62098
      5528      62099
      5528      71227
      5528      71228
      5528      71229
      5528      71230
      5528      71231
      5528      71232
      5528      71233
      5528      90010
      5528      90011
      5528      90012
      5528      71234
      5528      71235
      5528      71236
      5528      71237
      5528      90013
      5528      90014
      5528      90015
      5528      90016
      5528      90017
      5528      90018
      5528      90019
      5528      90020
      5528      90021
      5528      90022
      5528      90023
      5528      90024
      5528      90025
      5528      90026
      5528      90027
      5528      90028
      5528     141687
      5528      98117
      5528     176723
      5528     161758
      5528      90029
      5528      90030
      5528      90031
      5528      90032
      5528      90033
      5528      90034
      5528      90035
      5528      90036
      5528      90037
      5528      90038
      5528      90039
      7449      73525
      7449      73526
      7449      73527
      7449      73528
      7449      73529
      7449      73530
      7449      73531
      7449      73532
      7449      73533
      7449      73534
      7449      73535
      7449      73536
      7449      73537
      7449      73538
      7449      73539
      7449      73540
      7449      73541
      7449      73542
      7449      73543
      7449      73544
      7449      73545
      7449      73546
      7449      73547
      7449      73548
      7449      73549
      7449      73550
      7449      73551
      7449      73552
      7449      73553
      7449      73628
      7751      90070
      7751      90071
      7751      90072
      7751      82498
      7751      90073
      7751      90074
      7751      90075
      7751      90076
      7751      90077
      7751      90078
      7751      90079
      7751      90080
      7751      90081
      7751      90082
      7751      90083
      7751      90084
      7751      90085
      7751      90086
      7751      90087
      7751      90088
      7751      90089
      7751      90090
      7751      90091
      7751      90092
      7751      90093
      7751      90094
      7751      90095
      7751      90096
      7751      90097
      7751      90098
      7751      90099
      7751      82495
      7751      90100
      7751      90101
      7751      90102
      7751      90103
      7751      90104
      7751      82496
      7751      85182
      7751      90105
      7751      90106
      7751      90107
      7751      90108
      7751      90109
      7751      90110
      7751      90111
      7751      90112
      7751      96257
      7751      96258
      7751      82499
      7751      96259
      7751      96260
      7751      96261
      7751      96262
      7751      96263
      7751      82500
      7751      96264
      7751      85173
      7751      96265
      7751      96266
      7751      96267
      7751      96268
      7751      96269
      7751      96270
      7751      96271
      7751      96272
      7751      96273
      7751      96274
      7751     106026
      7751      96275
      7751      96276
      7751      96277
      7751      85181
      7751      85183
      7751      85184
      7751      96278
      7751      96279
      7751      85189
      7751      96280
      7751      96281
      7751      96282
      7751      96283
      7751      96284
      7751      96285
      7751      96286
      7751      96287
      7751      96288
      7751      96289
      7751      96290
      7751      96291
      7751      96292
      7751      96293
      7751      96294
      7751      96295
      7751      96296
      7751      96297
      7751      96298
      7751      96299
      7751      96300
      7751      96301
      7751      96302
      7751      88239
      7751      85210
      7751      88240
      7751      68564
      7751      68565
      7751      68566
      7751      68567
      7751      68568
      7751      68569
      7751      68570
      7751      68571
      7751      68572
      7751      85209
      7751     106027
      7751      96303
      7751     106028
      7751     106029
      7751      90375
      7751      96304
      7751      96305
      7751      96306
      7751      96307
      7751      96308
      7751      96309
      7751      96310
      7751      96311
      7751      96312
      7751      96313
      7751      96314
      7751      96315
      7751      96316
      7751     106030
      7751     106031
      7751      82509
      7751      84401
      7751      96317
      7751      96318
      7751     106032
      7751      96319
      7751     106033
      7751      96320
      7751      96321
      7751     106034
      7751     138285
      7751      96322
      7751      96323
      7751      96324
      7751     118741
      7751     106035
      7751      96325
      7751      96326
      7751      96327
      7751      96328
      7751      96329
      7751      96330
      7751      84400
      7751      96331
      7751      96332
      7751      96333
      7751      96334
      7751      96335
      7751      96336
      7751      96337
      7751      96338
      7751      96339
      7751      84402
      7751     106036
      7751      96340
      7751      96341
      7751      96342
      7751      96343
      7751      96344
      7751     106037
      7751     106038
      7751      96345
      7751      96346
      7751      96347
      7751      96348
      7751      96349
      7751      96350
      7751     106039
      7751     126732
      7751     106040
      7751     136229
      7751     136230
      7751     136231
      7751     106041
      7751     106042
      7751     143784
      7751     143785
      7751     106043
      7751     143786
      7751     136232
      7751     161759
      7751     136233
      7751     136234
      7751     161760
      7751     161761
      7751     106044
      7751      96351
      7751      96352
      7751      96353
      7751     210633
      7751     210634
      7751     210635
      7751     173933
      7751     210636
      7751     210637
      7751     106045
      7751     106047
      7751     210638
      7751     210639
      7751     210640
      7751     210641
      7751     210642
      7751     210643
      7751     210646
      7751     210647
      7751     210648
      7751     210649
      7751     210650
      7751     210651
      7751     210652
      7751     106049
      7751     106050
      7751     106051
      7751     106055
      7751     106056
      7751     106057
      7751     106058
      7751     106059
      7751     106060
      7751     210653
      7751     210654
      7751     210655
      7751     210656
      7751     210657
      7751     210658
      7811      68486
      7811      68487
      7811      68488
      7811      68489
      7811      68490
      7811      68491
      7811      68493
      7811      68494
      7811      68495
      7811      68496
      7811      68497
      7811      68498
      7811      68499
      7811      68500
      7811      68501
      7811      68502
      7811      68503
      7811      68504
      7811      68505
      7811      68506
      7811      68507
      7811      68510
      7834      87452
      7834      87453
      7834      87454
      7834      87455
      7834      87456
      7834      87457
      7834      87458
      7834      87459
      7834      87460
      7834      87461
      7834      87462
      7834      87463
      7834      87464
      7834      87465
      7834      87466
      7834      87467
      7834      87468
      7834      87469
      7834      87470
      7834      87471
      7834      87472
      7834      87473
      7834      87474
      7834      87475
      7834      87476
      7834      87477
      7834      87478
      7834      87479
      7834      87480
      7834      87481
      7834      87482
      7834      87483
      7834      87484
      7834      87485
      7834      87486
      7834      87487
      7834      87488
      7834      87489
      7834      87490
      7834      87491
      7834      87492
      7834      87493
      7834      87494
      7834      87495
      7834      87497
      7834      87500
      7887      82517
      7887      82518
      7887      82519
      7887      82520
      7887      82521
      7887      82522
      7887      82523
      7887      82524
      7887      82525
      7887      82526
      7887      82527
      7887      82528
      7887      82529
      7887      82530
      7887      82531
      7887      82532
      7887      82533
      7887      82534
      7887      82535
      7887      82536
      7887      82537
      7887      82538
      7887      82539
      7887      82540
      7887      82541
      7887      82542
      7887      82543
      7887      82544
      7887      82545
      7887      82546
      7887      82548
      7887      82550
      7887      82552
      7887      82554
      7887      82555
      7887      82556
      7887      82557
      7887      82558
      7887      82561
      7887      82563
      7887      82564
      7887      82565
      7887      82566
      7887      82567
      7887      82568
      7887      82569
      7887      82570
      7887      82571
      7887      82583
      7887      82584
      7887      82585
      7887      82586
      7887      82588
      7887      82590
      7887      82591
      7952      82681
      7952      82682
      7952      82683
      7952      82684
      7952      82685
      7952      82686
      7952      82687
      7952      82688
      7952      82689
      7952      82690
      7952      82691
      7952      82692
      7952      82693
      7952      82694
      7952      82695
      7952      82696
      7952      82697
      7952      82698
      7952      82699
      7952      82700
      7952      82701
      7952      82702
      7952      82703
      7952      82704
      7952      82705
      7952      82706
      7952      82707
      7952      82708
      7952      82709
      7952      82710
      7952      82711
      7952      82712
      7952      82713
      7952      82714
      7952      82715
      7952      82716
      7952      82718
      7952      82719
      7952      82720
      7952      82721
      7952      82722
      7952      82723
      7952      82725
      7952      82727
      7952      82728
      7952      82730
      7952      82731
      7952      82732
      7952      82733
      7959      84433
      7959      84434
      7959      84435
      7959      84436
      7959      84437
      7959      84438
      7959      84439
      7959      84440
      7959      84441
      7959      84442
      7959      84443
      7959      84444
      7959      84445
      7959      84446
      7959      84447
      7959      84448
      7959      84449
      7959      84450
      7959      84451
      7959      84452
      7959      84453
      7959      84454
      7959      84455
      7959      84456
      7959      84458
      7959      84459
      7959      84460
      7959      84461
      7959      84462
      7959      84463
      7959      84464
      7959      84465
      7959      84466
      7959      84467
      7959      84468
      7959      84469
      7959      84470
      7959      84471
      7959      84472
      7959      84473
      7959      84474
      7959      84475
      7959      84476
      7959      84477
      7959      84478
      7959      84480
      7959      84482
      7959      84483
      7959      84484
      7959      84485
      7959      84486
      8225      84905
      8225      84906
      8225      84907
      8225      84908
      8225      84909
      8225      84910
      8225      84911
      8225      84912
      8225      84913
      8225      84914
      8225      84915
      8225      84916
      8225      84917
      8225      84918
      8225      84919
      8225      84920
      8225      84921
      8225      84922
      8225      84923
      8225      84924
      8225      84925
      8225      84926
      8225      84927
      8225      84928
      8225      84929
      8225      84930
      8225      84931
      8225      84932
      8225      84933
      8225      84934
      8225      84936
      8225      84937
      8225      84939
      8225      84942
      8225      84943
      8225      84945
      8225      84946
      8225      84947
      8225      84949
      8225      84951
      8225      84952
      8225      84953
      8225      84954
      8225      84955
      8225      84956
      8225      84957
      8289      85256
      8289      85257
      8289      85258
      8289      85259
      8289      85260
      8289      85261
      8289      85262
      8289      85263
      8289      85264
      8289      85266
      8289      85267
      8289      85268
      8289      85269
      8289      85270
      8289      85271
      8289      85272
      8289      85273
      8289      85274
      8289      85275
      8289      85276
      8289      85277
      8289      85279
      8308      89234
      8308      89235
      8308      89236
      8308      89237
      8308      89238
      8308      89239
      8308      89240
      8308      89241
      8308      89242
      8308      89243
      8308      89244
      8308      89245
      8308      89246
      8308      89247
      8308      89248
      8308      89249
      8308      89250
      8308      89251
      8308      89252
      8308      89253
      8308      89254
      8308      89255
      9044      86887
      9044      86888
      9044      86889
      9044      86890
      9044      86891
      9044      86892
      9044      86893
      9044      86894
      9044      86895
      9044      86896
      9044      86897
      9044      86898
      9044      86899
      9044      86900
      9044      86901
      9044      86902
      9044      86903
      9044      86904
      9044      86905
      9044      86906
      9044      86907
      9044      86908
      9044      86909
      9044      86910
      9044      86911
      9044      86912
      9044      86913
      9044      86914
      9044      86915
      9044      86916
      9044      86917
      9044      86918
      9044      86919
      9044      86920
      9044      86922
      9044      86924
      9044      86925
      9044      86927
      9044      86928
      9044      86929
      9044      86931
      9044      86932
      9044      86934
      9044      86937
      9044      86938
      9044      86939
      9452      95432
      9452      95433
      9452      95434
      9452      95435
      9452      95436
      9452      95437
      9452      95438
      9452      95439
      9452      95440
      9452      95441
      9452      95442
      9452      95443
      9452      95444
      9452      95445
      9452      95446
      9452      95447
      9452      95448
      9452      95449
      9452      95450
      9452      95451
      9452      95452
      9452      95453
      9452      95454
      9452      95455
      9452      95457
      9452      95458
      9452      95459
      9452      95460
      9452      95461
      9452      95462
      9452      95463
      9452      95464
      9452      95465
      9452      95466
      9452      95467
      9452      95468
      9452      95469
      9452      95470
      9452      95471
      9452      95472
      9452      95473
      9452      95474
      9452      95475
      9452      95476
      9452      95478
      9452      95479
      9452      95482
      9452      95483
      9452      95484
      9452      95485
      9680     106094
      9680     106095
      9680     106096
      9680     106097
      9680     106098
      9680     106099
      9680     106100
      9680     106101
      9680     106102
      9680     106103
      9680     106104
      9680     106105
      9680     106106
      9680     106107
      9680     106108
      9680     106109
      9680     106110
      9680     106111
      9680     106112
      9680     106113
      9680     106114
      9680     106115
      9680     106116
      9680     106117
      9680     106118
      9680     106119
      9680     106120
      9680     106121
      9680     106122
      9680     106123
      9680     106124
     10761      85877
     10761      85878
     10761      85879
     10761      85880
     10761      85881
     10761      85882
     10761      85883
     10761      85884
     10761      85885
     10761      85886
     10761      85887
     10761      85888
     10761      85889
     10761     101020
     10761      85890
     10761     101021
     10761     101022
     10761      85891
     10761      85892
     10761      85893
     10761     101023
     10761     101024
     10761     101025
     10761     101026
     10761     101027
     10761     101028
     10761     101029
     10761     101030
     10761     101031
     10761     101032
     10761     101033
     14397     129044
     14397     129045
     14397     129046
     14397     129047
     14397     129048
     14397     129049
     14397     129050
     14397     129051
     14397     129052
     14397     129053
     14397     129054
     14397     129055
     14397     129056
     14397     129057
     14397     129058
     14397     129059
     14397     129060
     14397     129061
     14397     129062
     14397     129063
     14397     129064
     14397     129065
     14397     129066
     14397     129067
     14397     129068
     14397     129069
     14397     129070
     14397     129071
     14397     129072
     14397     129073
     14397     129077
     14397     129081
     14397     129082
     14397     129084
     14397     129085
     14397     129086
     14397     129088
     14397     129089
     14397     129090
     14397     129091
     14397     129092
     14397     129093
     14397     129094
     14397     129095
     14397     129096
     14397     129097
     14565     126156
     14565     126157
     14565     126158
     14565     126159
     14565     126160
     14565     126161
     14565     126162
     14565     126163
     14565     126164
     14565     126165
     14565     126166
     14565     126167
     14565     126168
     14565     126169
     14565     126170
     14565     126171
     14565     126172
     14565     126173
     14565     126174
     14565     126175
     14565     126176
     14565     126177
     14565     126178
     14565     126179
     14565     126180
     14565     126181
     14565     126182
     14565     126183
     14565     126184
     14565     126185
     14565     126186
     14565     126189
     14565     126193
     14565     126194
     14565     126196
     14565     126197
     14565     126198
     14565     126200
     14565     126201
     14565     126202
     14565     126203
     14565     126204
     14565     126205
     14565     126206
     14565     126207
     14565     126208
     16552     138505
     16552     138506
     16552     138507
     16552     138508
     16552     138509
     16552     138510
     16552     138511
     16552     138512
     16552     138513
     16552     138514
     16552     138515
     16552     138516
     16552     138517
     16552     138518
     16552     138519
     16552     138520
     16552     138521
     16552     138522
     16552     138523
     16552     138524
     16552     138525
     16552     138526
     16552     138527
     16552     138528
     16552     138529
     16552     138530
     16552     138531
     16552     138532
     16552     138533
     16552     138534
     16552     138535
     16552     138536
     16552     138539
     16552     138542
     16552     138543
     16552     138545
     16552     138546
     16552     138547
     16552     138549
     16552     138550
     16552     138551
     16552     138552
     16552     138554
     16552     138555
     16552     138556
     16552     138557
     18840     161765
     18840     161766
     18840     161767
     18840     161768
     18840     161769
     18840     161770
     18840     161771
     18840     161772
     18840     161773
     18840     161774
     18840     161775
     18840     161776
     18840     161777
     18840     161778
     18840     161779
     18840     161780
     18840     161781
     18840     161782
     18840     161783
     18840     161784
     18840     161785
     18840     161786
     18840     161787
     18840     161788
     18840     161789
     18840     161790
     18840     161791
     18840     161792
     18843     174081
     18843     174082
     18843     174083
     18843     174084
     18843     174085
     18843     174086
     18843     174087
     18843     174088
     18843     174089
     18843     174090
     18843     174091
     18843     174092
     18843     174093
     18843     174094
     18843     174095
     18843     174096
     18843     174097
     18843     174098
     18843     174099
     18843     174100
     18843     174101
     18843     174102
     18843     174103
     18843     174104
     18843     174105
     18843     174106
     18843     174107
     18843     148193
     18843     174108
     18843     174109
     18843     174110
     19769     174114
     19769     174115
     19769     174116
     19769     174117
     19769     174118
     19769     174119
     19769     174120
     19769     174121
     19769     174122
     19769     174123
     19769     174124
     19769     174125
     19769     174126
     19769     174127
     19769     174128
     19769     174129
     19769     174130
     19769     174131
     19769     174132
     19769     174133
     19769     174134
     19769     174135
     19769     174136
     19769     174137
     19769     174138
     19769     174139
     19769     174140
     19769     174141
     19769     174142
     19769     174143
     19769     174144
     19769     174145
     19769     174146
     19769     174147
     19769     174148
     19769     174149
     19769     174150
     19769     174151
     19769     174152
     19769     174153
     19769     174154
     19769     174155
     19769     174156
     19769     174157
     19769     174158
     19769     174159
     19769     174160
     19769     174161
     19769     174162
     19769     174163
     19769     174164
     19769     174165
     19769     174166
     19769     174167
     19769     174168
     19769     174169
     19769     174170
     19769     174171
     19769     174172
     19769     174173
     19769     174174
     19769     174175
     19769     174176
     19769     174177
     19769     174178
     19769     174179
     19769     174180
     19769     174181
     19769     174182
     19769     174183
     19769     174184
     19769     174185
     19769     174186
     19769     174187
     19769     174188
     19769     174189
     19769     174190
     19769     174191
     19769     174192
     19769     174193
     19769     174194
     19769     174195
     19769     174196
     19769     174197
     19769     174198
     19769     174199
     19769     174200
     19769     174201
     19769     174202
     19769     174203
     19769     174204
     19769     174205
     19769     174206
     19769     174207
     19769     174208
     19769     174209
     19769     174210
     19769     174211
     19769     174212
     19769     174213
     19769     174214
     19769     174215
     19769     174216
     19769     174217
     19769     174218
     19769     174219
     19769     174220
     19769     174221
     19769     174222
     19769     174223
     19769     174224
     19769     174225
     19769     174226
     19769     174227
     19769     174228
     19769     174229
     19769     174230
     19769     174231
     19769     174232
     19769     174233
     19769     174234
     19769     174235
     19769     174236
     19769     174237
     19769     174238
     19769     174239
     19769     174240
     19769     174241
     19777     152047
     19777     152048
     19777     152049
     19777     152050
     19777     152051
     19777     152052
     19777     152053
     19777     152054
     19777     152055
     19777     152056
     19777     152057
     19777     152058
     19778     158028
     19778     158029
     19778     158030
     19778     158031
     19778     158032
     19778     158033
     19778     158034
     19778     158035
     19778     158036
     19778     158037
     19778     158038
     19778     158040
     19780     174243
     19780     174244
     19780     174245
     19780     174246
     19780     174247
     19780     174248
     19780     174249
     19780     174250
     19780     174251
     19780     174252
     19780     174253
     19780     174254
     19780     174255
     19794     174257
     19794     174258
     19794     174259
     19794     174260
     19794     174261
     19794     174262
     19809     150243
     19809     150244
     19809     150245
     19809     150246
     19809     150247
     19809     150248
     19809     150249
     19809     150250
     19809     150251
     19809     150252
     19809     150253
     19809     150254
     19809     150255
     19809     150256
     19809     150257
     19809     150258
     19809     150259
     19809     150260
     19809     150261
     19809     150262
     19809     150263
     19809     150264
     19809     150265
     19809     150266
     19809     150267
     19809     150268
     19809     150269
     19809     150270
     19809     150271
     19809     150272
     19809     150273
     19809     150274
     19809     150275
     19809     150276
     19809     150277
     19809     150278
     19809     150279
     19809     150280
     19809     150281
     19809     174263
     19809     174264
     19809     174265
     19809     174266
     19809     174267
     19809     174268
     19809     174269
     19809     174270
     19809     174271
     19809     174272
     19809     174273
     19809     174274
     19809     174275
     19809     174276
     19809     174277
     19809     174279
     19809     174280
     19809     174281
     19809     174282
     19809     174283
     19809     174284
     19809     174286
     19809     174287
     19809     174288
     19809     174289
     19809     174290
     19809     174292
     19809     174293
     19809     174294
     19809     174296
     19809     174299
     19809     174300
     19809     210659
     19809     174301
     19809     174302
     19809     174303
     19809     174304
     19815     157600
     19815     157601
     19815     157602
     19815     157603
     19815     157604
     19815     157605
     19815     157606
     19815     157607
     19815     157608
     19815     157609
     19815     157610
     19815     157611
     19815     157612
     19815     157613
     19815     157614
     19815     157615
     19815     157616
     19815     157617
     19815     157618
     19815     157619
     19815     157620
     19815     157621
     19815     157622
     19815     157624
     19815     157625
     19815     157626
     19815     157627
     19815     157676
     19825     174306
     19825     174307
     19825     174308
     19825     174309
     19825     174310
     19825     174311
     19825     174312
     19825     174313
     19825     174314
     19825     174315
     19825     174316
     19825     174317
     19825     174318
     19825     174319
     19825     174320
     19825     174321
     19825     174322
     19825     174323
     19825     174324
     19825     174325
     19825     174326
     19825     174327
     19825     174328
     19825     174329
     19825     174330
     19825     174331
     19825     174332
     19825     174333
     19825     174334
     19825     174335
     19825     174336
     19825     174337
     19825     174338
     19825     174339
     19825     174340
     19825     174341
     19825     174342
     19825     174343
     19825     174344
     19845     156211
     19845     156212
     19845     156213
     19845     156214
     19845     156215
     19845     156216
     19845     156217
     19845     156218
     19845     156219
     19845     156220
     19845     156221
     19845     156222
     19845     156223
     19845     156224
     19845     156225
     19845     156226
     19845     156227
     19845     156228
     19845     156229
     19845     156230
     19845     156231
     19845     156232
     19845     156233
     19845     156234
     19845     156235
     19845     156236
     19845     156237
     19845     156238
     19845     156239
     19845     156240
     19845     156241
     19845     156242
     19845     156243
     19845     156244
     19845     156245
     19845     156246
     19845     156247
     19845     156248
     19845     156249
     19845     156250
     19845     156251
     19845     156252
     19845     156253
     19845     156254
     19845     156258
     19845     156259
     19845     156260
     19845     156262
     19845     156263
     19845     156264
     19845     156265
     19845     156266
     19845     156267
     19845     156268
     19845     156269
     19845     156270
     19845     156271
     19845     156272
     19845     156273
     19845     156274
     19845     156275
     19845     156276
     19845     156277
     19845     156278
     19845     156305
     19883     152102
     19883     152103
     19883     152104
     19883     152105
     19883     152106
     19883     152107
     19883     152108
     19883     152109
     19883     152110
     19883     152111
     19883     152112
     19883     152113
     19883     152114
     19883     152115
     19883     152116
     19883     152117
     19883     152118
     19883     152119
     19883     152120
     19883     152121
     19883     152122
     19883     152123
     19883     152124
     19883     152125
     19883     152126
     19883     152127
     19883     152128
     19883     152129
     19883     152130
     19883     152131
     19883     152132
     19883     152134
     19883     152135
     19883     152136
     19883     152137
     19883     152138
     19883     152139
     19883     152140
     19883     152141
     19883     152142
     19883     152145
     19883     152146
     19883     152148
     19883     152151
     19883     152152
     19883     152153
     19883     152154
     19883     152155
     19883     152156
     19883     152157
     19883     152158
     19883     152159
     19883     152160
     19883     152161
     19883     152162
     19883     152163
     19883     152164
     19883     152205
     19883     174345
     19884     148395
     19884     148396
     19884     148397
     19884     148398
     19884     148399
     19884     148400
     19884     148401
     19884     148402
     19884     148403
     19884     148404
     19884     148405
     19884     148406
     19884     148407
     19884     148408
     19884     148409
     19884     148410
     19884     148411
     19884     148412
     19884     148413
     19884     148414
     19884     148415
     19884     148416
     19884     148417
     19884     148418
     19884     148419
     19884     148420
     19884     148421
     19884     148422
     19884     148423
     19884     148424
     19884     148425
     19884     148426
     19884     148427
     19884     148428
     19884     148429
     19884     148430
     19884     148431
     19884     148432
     19884     148433
     19884     148434
     19884     148435
     19884     148436
     19884     148437
     19884     148438
     19884     148439
     19884     148440
     19884     148441
     19884     148442
     19884     148443
     19884     148449
     19884     148450
     19884     160786
     19913     174347
     19913     174348
     19913     174349
     19913     174350
     19913     174351
     19913     174352
     19913     174353
     19913     174354
     19913     174355
     19913     174356
     19913     174357
     19913     174358
     19913     174359
     19913     174360
     19913     174361
     19913     174362
     19913     174363
     19913     174364
     19913     174365
     19913     174366
     19913     174367
     19913     174368
     19913     174369
     19913     174370
     19913     174371
     19913     174372
     19913     174373
     19913     174374
     19913     174375
     19913     174376
     19913     174377
     19913     174378
     19913     174379
     19913     174380
     19913     174381
     19913     174382
     19913     174383
     19913     174384
     19913     174385
     19913     174386
     19913     174387
     19913     174388
     19913     174389
     19913     174390
     19913     174391
     19913     174392
     19913     174393
     19913     174394
     19913     174395
     19913     174396
     19913     174397
     19913     174398
     19913     174399
     19913     174400
     19913     174401
     19913     174402
     19913     174403
     19913     174404
     19913     174408
     19938     174410
     19938     174411
     19938     174412
     19938     174413
     19938     174414
     19938     174415
     19938     174416
     19938     174417
     19938     174418
     19938     174419
     19938     174420
     19938     174421
     19938     174422
     19938     174423
     19938     174424
     19938     174425
     19938     174426
     19938     174427
     19938     174428
     19938     174429
     19938     174430
     19938     174431
     19938     174432
     19938     174433
     19938     174434
     19938     174435
     19938     174436
     19938     174437
     19938     174438
     19938     174439
     19938     174440
     19938     174441
     19938     174442
     19938     174443
     19938     174444
     19938     174445
     19938     174446
     19938     174447
     19938     174448
     19938     174449
     19938     174450
     19938     174451
     19938     174452
     19938     174453
     19938     174454
     19938     174455
     19938     174456
     19938     174457
     19938     174458
     19938     174459
     19938     174460
     19938     174461
     19938     174462
     19938     174463
     19938     174464
     19938     174465
     19938     174466
     19938     174467
     19938     174468
     19938     174469
     19938     174470
     19938     174471
     19938     174472
     19993     174474
     19993     174475
     19993     174476
     19993     174477
     19993     174478
     19993     174479
     19993     174480
     19993     174481
     19993     174482
     19993     174483
     19993     174484
     19993     174485
     19993     174486
     19993     174487
     19993     174488
     19993     174489
     19993     174490
     19993     174491
     19993     174492
     19993     174493
     19993     174494
     19993     174495
     19993     174496
     19993     174497
     19993     174498
     19993     174499
     19993     174500
     19993     174501
     19993     174502
     19993     174503
     19993     174504
     19993     174505
     19993     174506
     19993     174507
     19993     174508
     19993     174509
     19993     174511
     19993     174512
     19993     174513
     19993     174514
     19993     174515
     19993     174516
     19993     174517
     19993     174518
     19993     174519
     20213     155261
     20213     174541
     20213     174542
     20213     174543
     20213     174544
     20213     174545
     20213     174546
     21902     170211
     21902     170212
     21902     170213
     21902     170214
     21902     170215
     21902     170216
     21902     170217
     21902     170218
     21902     170219
     21902     170220
     21902     170221
     21902     170222
     21902     170223
     21902     170224
     21902     170225
     21902     170226
     21902     170227
     21902     170228
     21902     170229
     21902     170230
     21902     170231
     21902     170232
     21902     170233
     21902     170234
     21902     170235
     21902     170236
     21902     170237
     21902     170238
     21902     170239
     21902     170240
     21902     170241
     21902     170242
     21902     170243
     21902     170244
     21902     170248
     21902     170249
     21902     170251
     21902     170252
     21902     170253
     21902     170255
     21902     170256
     21902     170258
     21902     170260
     21902     170261
     21902     170262
     21902     170263
     24189     175087
     24189     175088
     24189     175089
     24189     175090
     24189     175091
     24189     175092
     24189     175093
     24189     175094
     24189     175095
     24189     175096
     24189     175097
     24189     175098
     24189     175099
     24189     175100
     24189     175101
     24189     175102
     24189     175103
     24189     175104
     24189     186369
     24189     186370
     24189     186371
     24189     186372
     24189     186373
     24189     186374
     24189     186375
     24189     186376
     24189     186377
     24189     186378
     24189     186379
     24189     186380
     24189     186383
     24189     186389
     24189     186390
     24189     186392
     24189     186393
     24189     186394
     24189     186396
     24189     186398
     24189     186399
     24189     186400
     24189     186401
     24189     186402
     24189     186403
     24189     186404
     24189     186405
     24189     186408
     24433     174013
     24433     174014
     24433     174015
     24433     174016
     24433     174017
     24433     174018
     24433     174019
     24433     174020
     24433     174021
     24433     174022
     24433     174023
     24433     174024
     24433     174025
     24433     174026
     24433     174027
     24433     174028
     24433     174029
     24433     174030
     24433     174031
     24433     174032
     24433     174033
     24433     174034
     24433     174035
     24433     174036
     24433     174037
     24433     174038
     24433     174039
     24433     174040
     24433     174041
     24433     174042
     24433     174043
     24433     174044
     24433     174045
     24433     174046
     24433     174047
     24433     174048
     24433     174051
     24433     174052
     24433     174054
     24433     174055
     24433     174056
     24433     174058
     24433     174059
     24433     174060
     24433     174061
     24433     174063
     24433     174064
     24433     174065
     24433     174066
     24433     174067
     24492     184615
     24492     184616
     24492     184617
     24492     184618
     24492     184619
     24492     184620
     24492     184621
     24492     184622
     24492     184623
     24492     184624
     24492     184625
     24492     184626
     24492     184627
     24492     184628
     24492     184629
     24492     184630
     24492     184631
     24492     184632
     24492     184633
     24492     184634
     24492     184635
     24492     184636
     24492     184637
     24492     184638
     24492     184639
     24492     184640
     24492     184641
     24492     184642
     24492     184643
     24492     184644
     24492     184645
     24492     184646
     24492     184648
     24492     184653
     24492     184654
     24492     184656
     24492     184657
     24492     184658
     24492     184660
     24492     184661
     24492     184663
     24492     184665
     24492     184666
     24492     184667
     24492     184668
     24492     184672
     26378     185920
     26378     185921
     26378     185922
     26378     185923
     26378     185924
     26378     185925
     26378     185926
     26378     185927
     26378     185928
     26378     185929
     26378     185930
     26378     185931
     26378     185932
     26378     185933
     26378     185934
     26378     185935
     26378     185936
     26378     185937
     26378     185938
     26378     185939
     26378     185940
     26378     185941
     26378     185942
     26378     185943
     26378     185944
     26378     185945
     26378     185946
     26378     185958
     26378     185959
     26378     185961
     26378     185962
     26378     185963
     26378     185965
     26378     185966
     26378     185967
     26378     185968
     26378     185969
     26378     185970
     26378     185971
     26378     185972
     26378     185973
     26378     185974
     26378     185975
     26378     185977
     26433     203112
     26433     203113
     26433     203114
     26433     203115
     26433     203116
     26433     203117
     26433     203118
     26433     203119
     26433     203120
     26433     203121
     26433     203122
     26433     203123
     26433     203124
     26433     203125
     26433     203126
     26433     203127
     26433     203128
     26433     203129
     26433     203130
     26433     203131
     26433     203132
     26433     203133
     26433     203134
     26433     203135
     26433     203136
     26433     203137
     26433     203138
     26433     203150
     26433     203151
     26433     203153
     26433     203154
     26433     203155
     26433     203157
     26433     203158
     26433     203159
     26433     203160
     26433     203161
     26433     203162
     26433     203163
     26433     203164
     26433     203165
     26433     203166
     26433     203167
     26433     203169
     27066     210201
     27066     210202
     27066     210203
     27066     210204
     27066     210205
     27066     210206
     27066     210207
     27066     210208
     27066     210209
     27066     210210
     27066     210211
     27066     210212
     27066     210213
     27066     210214
     27066     210215
     27066     210216
     27066     210217
     27066     210218
     27066     210219
     27066     210220
     27066     210221
     27066     210222
     27066     210223
     27066     210224
     27066     210225
     27066     210226
     27066     210227
     27066     210239
     27066     210240
     27066     210242
     27066     210243
     27066     210244
     27066     210246
     27066     210247
     27066     210248
     27066     210249
     27066     210250
     27066     210251
     27066     210252
     27066     210253
     27066     210254
     27066     210255
     27066     210256
     27066     210258
     27259     210680
     27259     210681
     27259     210682
     27259     210683
     27259     210684
     27259     210685
     27259     210686
     27259     210687
     27259     210688
     27259     210689
     27259     210690
     27259     210691
     27259     210692
     27259     210693
     27259     210694
     27259     210695
     27259     210696
     27259     210697
     27259     210698
     27259     210699
     27259     210700
     27259     210701
     27259     210702
     27259     210703
     27259     210704
     27259     210705
     27259     210706
     27259     210707
     27259     210708
     27259     210709
     27259     210710
     27259     210711
     27259     210712
     27259     210713
     27259     210714
     27259     210715
     27259     210716
     27266     214140
     27266     210717
     27266     210718
     27266     210719
     27266     210720
     27266     210721
     27266     210722
     27371     209610
     27371     209611
     27371     209612
     27371     209613
     27371     209614
     27371     209616
     27373     207718
     27373     207719
     27373     207720
     27373     207721
     27373     207722
     27373     207723
     27373     207724
     27373     207725
     27373     207726
     27373     207727
     27374     212590
     27374     210723
     27374     210724
     27374     210725
     27374     210726
     27374     210727
     27374     210728
     27380     211216
     27380     210729
     27380     210730
     27380     210731
     27380     210732
     27380     210733
     27380     210734
     27624     213536
     27624     213537
     27624     213538
     27624     213539
     27624     213540
     27624     213541
     27624     213542
     27624     213543
     27624     213544
     27624     213545
     27624     213546
     27624     213547
     27624     213548
     27624     213549
     27624     213550
     27624     213551
     27624     213552
     27624     213553
     27624     213554
     27624     213555
     27939     209731
     27939     209732
     27939     209733
     27939     209734
     27939     209735
==================
