     PID  FD
=============
    9839   0
    9839   1
    9839   2
    9839   3
    9839   4
    9839   5
    9839   6
    9839   7
    9839   8
    9839   9
    9839  10
    9839  11
    9839  12
    9839  13
    9839  14
    9839  15
    9839  16
    9839  17
    9839  18
    9839  19
    9839  20
    9839  21
    9839  26
    9839  27
    9839  28
    9839  29
    9839  30
    9839  31
    9839  32
    9839  33
    9839  34
    9839  35
    9839  36
    9839  37
    9846   0
    9846   1
    9846   2
    9846   3
    9846   4
    9846   5
    9846   6
    9846   7
    9846   8
    9846   9
    9846  10
    9846  11
    9846  12
    9846  13
    9846  14
    9846  15
    9846  16
    9846  17
    9846  18
    9846  19
    9846  20
    9846  21
    9846  22
    9846  23
    9846  24
    9846  25
    9846  26
    9846  27
    9846  28
    9846  29
    9847   0
    9847   1
    9847   2
    9847   3
    9847   4
    9847   5
    9847   6
    9847   7
    9847   8
    9847   9
    9847  10
    9847  11
    9847  12
    9847  13
    9847  14
    9847  15
    9847  16
    9847  17
    9847  18
    9847  19
    9847  20
    9848   0
    9848   1
    9848   2
    9848   3
    9848   4
    9848   5
    9848   6
    9848   7
    9848   8
    9848   9
    9848  10
    9848  11
    9848  12
    9848  13
    9848  14
    9848  15
    9848  16
    9848  17
    9848  18
    9848  19
    9848  20
    9848  21
    9848  22
    9848  23
    9848  24
    9848  25
    9848  26
    9848  27
    9848  28
    9848  29
    9848  30
    9848  31
    9848  32
    9848  33
    9848  34
    9848  35
    9848  36
    9848  37
    9848  38
    9848  39
    9848  40
    9848  41
    9848  42
    9848  43
    9848  44
    9848  45
    9848  46
    9848  48
    9848  49
    9848  50
    9848  51
    9850   0
    9850   1
    9850   2
    9850   3
    9850   4
    9850   5
    9850   6
    9850   7
    9850   8
    9850   9
    9850  10
    9850  11
    9850  12
    9850  13
    9850  14
    9850  15
    9850  16
    9850  17
    9850  18
    9850  19
    9850  20
    9850  21
    9850  22
    9850  23
    9850  24
    9850  25
    9850  26
    9850  27
    9850  28
    9850  29
    9850  30
    9850  31
    9850  32
    9850  33
    9850  34
    9850  35
    9850  36
    9850  37
    9850  38
    9850  39
    9850  40
    9850  41
    9850  42
    9850  43
    9850  44
    9850  45
    9850  46
    9850  47
    9850  48
    9850  49
    9850  50
    9850  51
    9850  52
    9850  53
    9850  54
    9850  55
    9850  56
    9850  57
    9850  58
    9850  59
    9850  60
    9850  61
    9850  62
    9850  63
    9850  64
    9850  65
    9850  66
    9850  67
    9850  68
    9850  69
    9850  70
    9850  71
    9850  72
    9850  73
    9850  74
    9850  75
    9850  76
    9850  77
    9850  78
    9850  80
    9850  81
    9850  82
    9850  83
    9850  87
    9850  91
    9850  92
    9850  93
    9853   0
    9853   1
    9853   2
    9853   3
    9853   4
    9853   5
    9853   6
    9853   7
    9853   8
    9853   9
    9853  10
    9853  11
    9853  13
    9860   0
    9860   1
    9860   2
    9860   3
    9860   4
    9860   5
    9860   6
    9860   7
    9860   8
    9861   0
    9861   1
    9861   2
    9861   3
    9861   4
    9861   5
    9861   6
    9861   7
    9867   0
    9867   1
    9867   2
    9867   3
    9867   4
    9867   5
    9867   6
    9867   7
    9867   8
    9867   9
    9931   0
    9931   1
    9931   2
    9931   3
    9931   4
    9931   5
    9931   6
    9931   7
    9931   8
    9931   9
    9931  10
    9931  11
    9931  12
    9931  13
    9931  14
    9931  15
    9931  16
    9931  17
    9931  18
    9931  19
    9931  20
    9931  21
    9931  22
    9931  23
    9931  24
    9931  25
    9931  26
    9931  27
    9931  28
    9931  29
    9931  30
    9931  31
    9931  32
    9931  34
    9931  36
    9931  38
    9931  40
    9931  42
    9931  44
    9931  46
    9931  47
    9931  48
    9931  50
    9931  52
    9931  54
    9931  56
    9931  58
    9931  60
    9931  62
    9931  66
    9931  68
    9931  70
    9931  72
    9931  74
    9931  76
    9960   0
    9960   1
    9960   2
    9960   3
    9960   4
    9960   5
    9960   6
    9960   7
    9960   8
    9960   9
    9960  10
    9966   0
    9966   1
    9966   2
    9966   3
    9966   4
    9966   5
    9966   6
    9966   7
    9966   8
    9966   9
    9966  10
    9966  11
    9966  12
    9966  13
    9966  14
    9966  15
    9966  16
    9966  17
    9966  18
    9966  19
    9966  20
    9966  21
    9966  22
    9966  23
    9966  24
    9966  25
    9966  26
    9966  27
    9966  28
    9966  31
    9966  32
    9966  33
    9966  35
    9966  36
    9966  37
    9966  42
    9966  43
    9984   0
    9984   1
    9984   2
    9984   3
    9984   4
    9984   5
    9996   0
    9996   1
    9996   2
    9996   3
    9996   4
    9996   5
    9996   6
    9996   7
    9996   8
    9996   9
    9996  10
    9996  11
    9996  12
    9996  13
    9996  14
    9996  15
    9996  16
    9996  17
    9996  18
    9996  19
   10015   0
   10015   1
   10015   2
   10015   3
   10015   4
   10015   5
   10015   6
   10015   7
   10015   8
   10015   9
   10015  10
   10015  11
   10015  12
   10015  13
   10015  14
   10015  15
   10015  16
   10015  17
   10015  18
   10015  19
   10015  20
   10015  21
   10015  22
   10015  23
   10015  24
   10015  25
   10015  26
   10015  28
   10015  29
   10015  30
   10015  31
   10015  32
   10015  33
   10015  34
   10015  35
   10015  36
   10015  37
   10015  38
   10015  39
   10015  40
   10015  41
   10015  42
   10015  43
   10015  44
   10015  45
   10058   0
   10058   1
   10058   2
   10058   3
   10058   4
   10058   5
   10058   6
   10060   0
   10060   1
   10060   2
   10060   3
   10060   4
   10060   5
   10060   6
   10060   7
   10060   8
   10060   9
   10060  13
   10069   0
   10069   1
   10069   2
   10069   3
   10069   4
   10069   5
   10069   6
   10069   7
   10069   8
   10069   9
   10077   0
   10077   1
   10077   2
   10077   3
   10077   4
   10077   5
   10077   6
   10077   7
   10077   8
   10077   9
   10077  11
   10077  12
   10085   0
   10085   1
   10085   2
   10085   3
   10085   4
   10085   5
   10085   6
   10085   7
   10085   8
   10085   9
   10092   0
   10092   1
   10092   2
   10092   3
   10092   4
   10092   5
   10092   6
   10092   7
   10092   8
   10092   9
   10092  10
   10092  11
   10092  12
   10094   0
   10094   1
   10094   2
   10094   3
   10094   4
   10094   5
   10094   6
   10094   7
   10094   8
   10094   9
   10094  10
   10094  11
   10101   0
   10101   1
   10101   2
   10101   3
   10101   4
   10101   5
   10101   6
   10101   7
   10106   0
   10106   1
   10106   2
   10106   3
   10106   4
   10106   5
   10106   6
   10112   0
   10112   1
   10112   2
   10112   3
   10112   4
   10112   5
   10112   6
   10112   7
   10118   0
   10118   1
   10118   2
   10118   3
   10118   4
   10118   5
   10118   6
   10118   7
   10120   0
   10120   1
   10120   2
   10120   3
   10120   4
   10120   5
   10120   6
   10122   0
   10122   1
   10122   2
   10122   3
   10122   4
   10122   5
   10122   6
   10122   7
   10122   8
   10122   9
   10122  10
   10122  11
   10122  12
   10146   0
   10146   1
   10146   2
   10146   3
   10146   4
   10146   5
   10146   6
   10146   7
   10146   8
   10146  10
   10146  13
   10156   0
   10156   1
   10156   2
   10156   3
   10156   4
   10156   5
   10156   6
   10158   0
   10158   1
   10158   2
   10158   3
   10158   4
   10158   5
   10158   6
   10158   7
   10158   8
   10176   0
   10176   1
   10176   2
   10177   0
   10177   1
   10177   2
   10177   3
   10177   4
   10177   5
   10177   6
   10177   7
   10177   9
   10179   0
   10179   1
   10179   2
   10179   3
   10179   4
   10179   5
   10179   6
   10179   7
   10179   8
   10179   9
   10179  10
   10179  11
   10179  12
   10179  13
   10179  14
   10180   0
   10180   1
   10180   2
   10180   3
   10180   4
   10180   5
   10180   6
   10180   7
   10180   8
   10180   9
   10180  10
   10180  11
   10180  12
   10180  13
   10180  14
   10180  15
   10180  16
   10181   0
   10181   1
   10181   2
   10181   3
   10181   4
   10181   5
   10181   6
   10181   7
   10181   8
   10183   0
   10183   1
   10183   2
   10183   3
   10183   4
   10183   5
   10183   6
   10183   7
   10183   8
   10183   9
   10183  11
   10185   0
   10185   1
   10185   2
   10185   3
   10185   4
   10185   5
   10185   6
   10185   7
   10185   8
   10185   9
   10185  10
   10185  11
   10188   0
   10188   1
   10188   2
   10188   3
   10188   4
   10188   5
   10188   6
   10188   7
   10188   8
   10188   9
   10188  10
   10188  11
   10188  12
   10188  13
   10188  14
   10188  15
   10188  16
   10188  17
   10188  18
   10189   0
   10189   1
   10189   2
   10189   3
   10189   4
   10189   5
   10189   6
   10189   7
   10189   8
   10189   9
   10189  10
   10189  11
   10189  12
   10193   0
   10193   1
   10193   2
   10193   3
   10193   4
   10193   5
   10193   6
   10193   7
   10193   9
   10195   0
   10195   1
   10195   2
   10195   3
   10195   4
   10195   5
   10195   6
   10195   7
   10195   8
   10195   9
   10199   0
   10199   1
   10199   2
   10199   3
   10199   4
   10199   5
   10199   6
   10202   0
   10202   1
   10202   2
   10202   3
   10202   4
   10202   5
   10202   6
   10202   7
   10202   9
   10207   0
   10207   1
   10207   2
   10207   3
   10207   4
   10207   5
   10207   6
   10207   7
   10207   9
   10210   0
   10210   1
   10210   2
   10210   3
   10210   4
   10210   5
   10210   6
   10210   7
   10210   8
   10210   9
   10212   0
   10212   1
   10212   2
   10212   3
   10212   4
   10212   5
   10212   6
   10212   7
   10212   8
   10212   9
   10213   0
   10213   1
   10213   2
   10213   3
   10213   4
   10213   5
   10213   6
   10213   7
   10213   8
   10213   9
   10213  10
   10213  11
   10213  12
   10234   0
   10234   1
   10234   2
   10234   3
   10234   4
   10234   5
   10234   6
   10234   7
   10243   0
   10243   1
   10243   2
   10243   3
   10243   4
   10243   5
   10243   6
   10243   7
   10243   8
   10243   9
   10243  10
   10243  11
   10243  12
   10243  13
   10243  15
   10250   0
   10250   1
   10250   2
   10250   3
   10250   4
   10250   5
   10250   6
   10250   7
   10252   0
   10252   1
   10252   2
   10252   3
   10252   4
   10252   5
   10252   6
   10252   7
   10252   8
   10252   9
   10252  10
   10252  11
   10252  12
   10252  13
   10252  14
   10252  15
   10252  16
   10252  17
   10252  18
   10252  19
   10252  20
   10252  21
   10259   0
   10259   1
   10259   2
   10259   3
   10259   4
   10259   5
   10259   6
   10259   7
   10259   8
   10259   9
   10259  10
   10259  11
   10259  12
   10259  13
   10259  14
   10261   0
   10261   1
   10261   2
   10261   3
   10261   4
   10261   5
   10261   6
   10261   7
   10261   8
   10261   9
   10263   0
   10263   1
   10263   2
   10263   3
   10263   4
   10263   5
   10263   6
   10263   7
   10265   0
   10265   1
   10265   2
   10265   3
   10265   4
   10265   5
   10265   6
   10265   7
   10265   8
   10265   9
   10265  10
   10265  11
   10265  12
   10274   0
   10274   1
   10274   2
   10274   3
   10274   4
   10274   5
   10274   6
   10274   7
   10274   8
   10274   9
   10274  10
   10292   0
   10292   1
   10292   2
   10292   3
   10292   4
   10292   5
   10292   6
   10292   7
   10347   0
   10347   1
   10347   2
   10347   3
   10347   4
   10347   5
   10347   6
   10347   7
   10347   8
   10347   9
   10347  10
   10347  11
   10347  12
   10347  13
   10347  14
   10347  15
   10347  16
   10347  17
   10347  18
   10347  19
   10347  20
   10349   0
   10349   1
   10349   2
   10349   3
   10349   4
   10349   5
   10349   6
   10368   0
   10368   1
   10368   2
   10368   3
   10368   4
   10368   5
   10368   6
   10368   7
   10368   8
   10368   9
   10368  10
   10368  11
   10368  12
   10378   0
   10378   1
   10378   2
   10378   3
   10378   4
   10378   5
   10378   6
   10378   7
   10378   8
   10378   9
   10378  10
   10378  11
   10378  12
   10378  13
   10378  14
   10446   0
   10446   1
   10446   2
   10446   3
   10446   4
   10446   5
   10446   6
   10446   7
   10448   0
   10448   1
   10448   2
   10448   3
   10448   4
   10448   5
   10448   6
   10448   7
   10448   8
   10448   9
   10448  10
   10448  11
   10461   0
   10461   1
   10461   2
   10461   3
   10461   4
   10461   5
   10461   6
   10461   7
   10461   8
   10461   9
   10461  10
   10461  11
   10461  12
   10482   0
   10482   1
   10482   2
   10482   3
   10482   4
   10482   5
   10482   6
   10482   7
   10482   8
   10482   9
   10482  10
   10482  11
   10482  12
   10482  16
   10501   0
   10501   1
   10501   2
   10501   3
   10501   4
   10501   5
   10501   6
   10501   7
   10501   8
   10501   9
   10501  10
   10501  11
   10523   0
   10523   1
   10523   2
   10523   3
   10523   4
   10523   5
   10523   6
   10523   7
   10523   8
   10523   9
   10523  10
   10523  11
   10523  12
   10523  13
   10523  14
   10523  15
   10523  16
   10523  17
   10523  21
   10548   0
   10548   1
   10548   2
   10548   3
   10548   4
   10548   5
   10548   6
   10548   7
   11326   0
   11326   1
   11326   2
   11326   3
   11326   4
   11326   5
   11326   6
   11326   7
   11326   8
   11326   9
   11342   0
   11342   1
   11342   2
   11342   3
   11342   4
   11342   5
   11342   6
   11342   7
   11342   9
   11408   0
   11408   1
   11408   2
   11408   3
   11408   4
   11408   5
   11408   6
   11408   7
   11408   8
   11408   9
   11408  10
   11408  11
   11408  12
   11408  13
   11408  14
   11408  15
   11408  16
   11408  17
   11408  18
   11408  19
   11408  20
   11412   0
   11412   1
   11412   2
   11412   3
   11412   4
   11412   5
   11412   6
   11412   7
   11412   8
   11412   9
   11412  10
   11412  11
   11412  12
   11412  14
   11412  15
   11742   0
   11742   1
   11742   2
   11742   3
   11742   4
   11742   5
   11742   6
   11742   7
   11742   8
   11742   9
   11742  10
   11742  11
   11742  12
   11742  13
   11801   0
   11801   1
   11801   2
   11801   3
   11801   4
   11801   5
   11801   6
   11801   7
   11801   8
   11801   9
   11801  10
   11801  11
   11801  12
   11801  13
   11801  14
   11801  15
   11801  16
   11801  17
   11801  18
   11801  19
   11801  20
   11801  21
   11801  22
   11801  23
   11801  24
   11801  25
   11801  26
   11801  27
   11801  28
   11801  29
   11801  30
   11801  31
   11801  32
   11801  33
   11801  34
   11801  35
   11801  36
   11801  37
   11801  38
   11801  39
   11801  40
   11801  41
   11801  42
   11801  43
   11801  44
   11801  45
   11801  46
   11801  47
   11801  48
   11801  49
   11801  50
   11801  51
   11801  52
   11801  53
   11801  54
   11801  55
   11801  56
   11801  57
   11801  58
   11801  59
   11801  60
   11801  61
   11801  62
   11801  63
   11801  64
   11801  65
   11801  66
   11801  67
   11801  68
   11801  69
   11801  70
   11801  71
   11801  72
   11801  73
   11801  74
   11801  75
   11801  76
   11801  77
   11801  78
   11801  79
   11801  80
   11801  81
   11801  82
   11801  83
   11801  84
   11801  85
   11801  86
   11801  87
   11801  88
   11801  89
   11801  90
   11801  91
   11801  92
   11801  93
   11801  94
   11801  95
   11801  96
   11801  97
   11801  98
   11801  99
   11801 100
   11801 101
   11801 102
   11801 103
   11801 104
   11801 105
   11801 106
   11801 107
   11801 108
   11801 109
   11801 110
   11801 111
   11801 112
   11801 114
   11801 115
   11801 120
   11801 121
   11801 123
   11801 124
   11801 125
   11801 126
   11801 127
   11801 128
   11801 129
   11801 130
   11801 132
   11801 133
   11801 134
   11801 135
   11801 136
   11801 137
   11801 138
   11801 139
   11801 140
   11801 141
   11801 142
   11801 143
   11801 146
   11801 147
   11801 148
   11801 149
   11801 151
   11805   0
   11805   1
   11805   2
   11805   3
   11805   4
   11805   5
   11805   6
   11805   7
   11805   8
   11805   9
   11805  10
   11805  11
   11806   0
   11806   1
   11806   2
   11806   3
   11806   4
   11806   5
   11806   6
   11806   7
   11806   8
   11806   9
   11806  10
   11806  12
   11808   0
   11808   1
   11808   2
   11808   3
   11808   4
   11808   5
   11808   6
   11808   7
   11808   8
   11808   9
   11808  10
   11808  11
   11808  12
   11822   0
   11822   1
   11822   2
   11822   4
   11822   5
   11822  43
   11839   0
   11839   1
   11839   2
   11839   3
   11839   4
   11839   5
   11839   6
   11839   7
   11839   8
   11839   9
   11839  10
   11839  11
   11839  12
   11839  13
   11839  14
   11839  15
   11839  16
   11839  17
   11839  18
   11839  19
   11839  20
   11839  21
   11839  22
   11839  23
   11839  24
   11839  25
   11839  26
   11839  27
   11839  28
   11839  29
   11839  30
   11839  31
   11839  32
   11839  33
   11839  34
   11839  35
   11839  36
   11839  37
   11839  38
   11839  39
   11839  40
   11839  41
   11839  42
   11839  43
   11839  44
   11839  45
   11839  46
   11839  47
   11839  48
   11839  49
   11839  50
   11839  51
   11839  52
   11839  53
   11839  54
   11839  55
   11839  56
   11839  57
   11839  58
   11839  59
   11839  60
   11839  61
   11839  62
   11839  63
   11839  64
   11839  65
   11839  66
   11839  67
   11839  68
   11839  69
   11839  70
   11839  71
   11839  72
   11839  73
   11839  74
   11839  75
   11839  76
   11839  77
   11839  78
   11839  79
   11839  80
   11839  81
   11839  82
   11839  83
   11839  84
   11839  85
   11839  86
   11839  87
   11839  88
   11839  89
   11839  90
   11839  91
   11839  92
   11839  93
   11839  94
   11839  95
   11839  96
   11839  97
   11839  98
   11839  99
   11839 103
   11839 105
   11839 112
   11859   0
   11859   1
   11859   2
   11859   3
   11859   4
   11859   5
   11859   6
   11859   7
   11859   8
   11859   9
   11859  10
   11859  11
   11859  12
   11859  13
   11859  14
   11859  15
   11859  16
   11859  17
   11859  18
   11859  19
   11859  20
   11859  21
   11859  22
   11859  23
   11859  24
   11859  25
   11859  26
   11859  27
   11859 103
   11891   0
   11891   1
   11891   2
   11891   3
   11891   4
   11891   5
   11891   6
   11891   7
   11891   8
   11891   9
   11891  10
   11891  11
   11891  12
   11891  13
   11891  14
   11891  15
   11891  16
   11891  17
   11891  18
   11891  19
   11891  20
   11891  21
   11891  22
   11891  23
   11891  24
   11891  25
   11891  26
   11891  27
   11891  28
   11891  29
   11891  30
   11891  31
   11891  32
   11891  33
   11891  34
   11891  35
   11891  36
   11891  37
   11891  38
   11891  39
   11891  40
   11891  41
   11891  42
   11891  43
   11891  44
   11891  45
   11891  46
   11891  47
   11891  48
   11891  49
   11891  50
   11891  51
   11891  52
   11891  53
   11891  54
   11891  55
   11891  56
   11891  57
   11891  58
   11891  59
   11891  60
   11891  61
   11891  62
   11891  63
   11891  64
   11891  65
   11891  66
   11891  67
   11891  68
   11891  69
   11891  70
   11891  71
   11891  72
   11891  73
   11891  74
   11891  75
   11891  76
   11891  77
   11891  78
   11891  79
   11891  80
   11891  81
   11891  82
   11891  83
   11891  84
   11891  85
   11891  86
   11891  87
   11891  88
   11891  89
   11891  90
   11891  91
   11891  92
   11891  93
   11891  94
   11891  95
   11891  96
   11891  97
   11891  98
   11891 101
   11891 102
   11891 103
   11891 105
   11949   0
   11949   1
   11949   2
   11949   3
   11949   4
   11949   5
   11949   6
   11949   7
   11949   8
   11949   9
   11949  10
   11949  11
   11949  12
   11949  13
   11949  14
   11949  15
   11949  16
   11949  17
   11949  18
   11949  19
   11949  20
   11949  21
   11949  22
   11949  23
   11949  24
   11949  25
   11949  26
   11949  27
   11949  28
   11949  29
   11949  30
   11949  31
   11949  32
   11949  33
   11949  34
   11949  35
   11949  36
   11949  37
   11949  38
   11949  39
   11949  40
   11949  41
   11949  43
   11949  44
   11949  48
   11949  49
   11949  50
   11949  51
   11949  53
   11949  72
   11949 103
   11949 265
   11949 274
   11949 275
   11949 276
   11949 277
   11949 309
   11949 678
   11972   0
   11972   1
   11972   2
   11972   3
   11972   4
   11972   5
   11972   6
   11972   7
   11972   8
   11972   9
   11972  10
   11972  11
   11972  12
   11972  13
   11972  14
   11972  15
   11972  16
   11972  17
   11972  18
   11972  19
   11972  20
   11972  21
   11972  22
   11972  23
   11972  24
   11972  25
   11972  26
   11972  27
   11972  28
   11972  29
   11972  30
   11972  31
   11972  32
   11972  33
   11972  34
   11972  35
   11972  36
   11972  37
   11972  38
   11972  39
   11972  40
   11972  41
   11972  42
   11972  43
   11972  44
   11972  45
   11972  46
   11972  47
   11972  48
   11972  49
   11972  50
   11972  51
   11972  52
   11972  54
   11972  55
   11972  56
   11972  57
   11972  58
   11972  59
   11972  60
   11972  61
   11972  62
   11972  63
   11972  64
   11972  65
   11972  66
   11972  67
   11972  68
   11972 103
   13180   0
   13180   1
   13180   2
   13180   3
   13180   4
   13180   5
   13180   6
   13180   7
   13180   8
   13180   9
   13180  10
   13180  11
   13180  12
   13180  13
   13180  14
   13180  15
   13180  16
   13180  17
   13180  18
   13180  19
   13180  20
   13180  21
   13180  22
   13180  23
   13180  24
   13180  25
   13180  26
   13180  27
   13180  28
   13180  29
   13180  30
   13180  31
   13180  32
   13180  33
   13180  34
   13180  35
   13180  36
   13180  37
   13180  38
   13180  39
   13180  40
   13180  41
   13180  42
   13180  43
   13180  44
   13180  45
   13180  46
   13180  47
   13180  48
   13180  49
   13180  50
   13180  51
   13180  52
   13180  53
   13180  54
   13180  55
   13180  56
   13180  57
   13180  58
   13180  59
   13180  60
   13180  62
   13180  64
   13180 103
   13195   0
   13195   1
   13195   2
   13195   3
   13195   4
   13195   5
   13195   6
   13195   7
   13195   8
   13195   9
   13195  10
   13195  11
   13195  12
   13195  13
   13195  14
   13195  15
   13195  16
   13195  17
   13195  18
   13195  19
   13195  20
   13195  21
   13195  22
   13195  23
   13195  24
   13195  25
   13195  26
   13195  27
   13195  28
   13195  29
   13195  30
   13195  31
   13195  32
   13195  33
   13195  34
   13195  35
   13195  36
   13195  37
   13195  38
   13195  39
   13195  40
   13195  41
   13195  42
   13195  43
   13195  44
   13195  45
   13195  46
   13195  47
   13195  48
   13195  49
   13195  50
   13195  53
   13195  56
   13195  72
   13195 103
   13195 277
   13316   0
   13316   1
   13316   2
   13316   3
   13316   4
   13316   5
   13316   6
   13316   7
   13316   8
   13316   9
   13316  10
   13316  11
   13316  12
   13316  13
   13316  14
   13316  15
   13316  16
   13316  17
   13316  18
   13316  19
   13316  20
   13316  21
   13316  22
   13316  23
   13316  24
   13316  25
   13316  26
   13316  27
   13316  28
   13316  29
   13316  30
   13316  31
   13316  32
   13316  33
   13316  34
   13316  35
   13316  36
   13316  37
   13316  38
   13316  39
   13316  40
   13316  41
   13316  42
   13316  43
   13316  44
   13316  46
   13316  50
   13316  52
   13316 103
   13364   0
   13364   1
   13364   2
   13364   3
   13364   4
   13364   5
   13364   6
   13364   7
   13364   8
   13364   9
   13364  10
   13364  11
   13364  26
   13364  27
   13364  28
   13364  38
   13364  39
   13364  40
   13364  43
   13364  44
   13364  50
   13364  52
   13364 103
   13692   0
   13692   1
   13692   2
   13692   3
   13692   4
   13692   5
   13692   6
   13692   7
   13692   8
   13692   9
   13692  10
   13692  11
   13692  12
   13692  13
   13692  14
   13692  15
   13692  16
   13692  17
   13692  18
   13692  19
   13692  20
   13692  21
   13692  22
   13692  23
   13692  24
   13692  25
   13692  38
   13692  39
   13692  40
   13692  43
   13692  44
   13692  50
   13692  52
   13692 103
   13693   0
   13693   1
   13693   2
   13693   3
   13693   4
   13693   5
   13693   6
   13693   7
   13693   8
   13693   9
   13693  10
   13693  11
   13693  12
   13693  13
   13693  14
   13693  15
   13693  16
   13693  17
   13693  18
   13693  19
   13693  20
   13693  21
   13693  22
   13693  23
   13693  24
   13693  25
   13693  38
   13693  39
   13693  40
   13693  43
   13693  44
   13693  50
   13693  52
   13693 103
   14399   0
   14399   1
   14399   2
   14399   3
   14399   4
   14399   5
   14399   6
   14399   7
   14399   8
   14399   9
   14399  10
   14399  11
   14399  12
   14399  13
   14399  14
   14399  15
   14399  16
   14399  17
   14399  18
   14399  19
   14399  20
   14399  21
   14399  22
   14399  23
   14399  24
   14399  25
   14399  38
   14399  39
   14399  40
   14399  43
   14399  44
   14399  50
   14399  52
   14399  57
   14399 103
   15870   0
   15870   1
   15870   2
   15870 255
   19472   0
   19472   1
   19472   2
   19472 255
   21006   0
   21006   1
   21006   2
   21006   3
   21006   4
   21006   5
   21006   6
   21006   7
   21006   8
   21006   9
   21006  10
   21006  11
   21006  38
   21006  39
   21006  40
   21006  43
   21006  44
   21006  48
   21006  49
   21006  50
   21006  51
   21006  52
   21006 103
   21603   0
   21603   1
   21603   2
   21603   3
   21606   0
   21606   1
   21606   2
   21606   3
   21606   4
   21606   5
   21606   6
   21606   7
   21606   8
   21606   9
   21606  10
   21606  12
   21610   0
   21610   1
   21610   2
   21610 255
   22285   0
   22285   1
   22285   2
   22285   3
   22285   4
   22285   5
   22285   6
   22285   7
   22285   8
   22285   9
   22285  10
   22285  11
   22285  12
   22285  13
   22285  14
   22285  15
   22285  16
   22285  17
   22285  18
   22285  19
   22285  20
   22285  21
   22285  22
   22285  23
   22285  24
   22285  25
   22285  26
   22285  27
   22285  28
   22285  29
   22285  39
   22285  44
   23318   0
   23318   1
   23318   2
   23318   3
   23318   4
   23318   5
   23318   6
   23318   7
   23318   8
   23318   9
   23318  10
   23318  11
   23318  12
   23318  13
   23318  14
   23318  15
   23318  16
   23318  17
   23318  18
   23318  19
   23318  20
   23318  21
   23318  22
   23318  23
   23318  24
   23318  25
   23318  26
   23318  27
   23318  28
   23318  29
   23318  30
   23318  31
   23318  32
   23318  33
   23318  34
   23318  35
   23318  36
   23318  37
   23318  38
   23318  39
   23318  40
   23318  41
   23318  42
   23318  43
   23318  44
   23318  45
   23318  46
   23318  47
   23318  48
   23318  49
   23318  50
   23318  51
   23318  52
   23318  53
   23318  54
   23318  55
   23318  56
   23318  57
   23318  58
   23318  59
   23318  60
   23318  61
   23318  62
   23318  63
   23318  64
   23318  65
   23318  66
   23318  67
   23318  68
   23318  69
   23318  70
   23318  71
   23318  72
   23318  73
   23318  74
   23318  75
   23318  76
   23318  77
   23318  78
   23318  79
   23318  80
   23318  81
   23318  82
   23318  83
   23318  84
   23318  85
   23318  86
   23318  87
   23318  88
   23318  89
   23318  90
   23318  91
   23318  92
   23318  93
   23318  94
   23318  95
   23318  96
   23318  97
   23318  98
   23318  99
   23318 100
   23318 101
   23318 102
   23318 103
   23318 104
   23318 105
   23318 106
   23318 107
   23318 108
   23318 109
   23318 110
   23318 111
   23318 112
   23318 113
   23318 114
   23318 115
   23318 116
   23318 117
   23318 118
   23318 119
   23318 120
   23318 121
   23318 122
   23318 123
   23318 124
   23318 125
   23318 126
   23318 127
   23318 128
   23318 129
   23318 130
   23318 131
   23318 132
   23318 133
   23318 136
   23318 137
   23318 138
   23318 139
   23318 140
   23318 141
   23318 142
   23318 143
   23318 144
   23318 145
   23318 146
   23318 147
   23318 149
   23318 150
   23318 151
   23318 152
   23318 153
   23318 156
   23318 157
   23318 159
   23318 161
   23318 162
   23318 164
   23318 165
   23318 166
   23318 167
   23318 168
   23318 169
   23318 170
   23318 171
   23318 172
   23318 173
   23318 174
   23318 175
   23318 176
   23318 177
   23318 178
   23318 179
   23318 180
   23318 181
   23318 182
   23318 183
   23318 184
   23318 185
   23318 186
   23318 187
   23318 188
   23318 189
   23318 190
   23318 191
   23318 192
   23318 193
   23318 194
   23318 196
   23318 199
   23318 200
   23318 201
   23318 202
   23318 205
   23318 206
   23318 208
   23318 209
   23318 210
   23318 212
   23318 213
   23318 214
   23318 215
   23318 217
   23318 223
   23318 224
   23318 226
   23318 229
   23318 231
   23318 235
   23318 236
   23318 238
   23318 239
   23318 311
   23318 315
   23318 316
   23436   0
   23436   1
   23436   2
   23436   3
   23436   4
   23436   5
   23436   7
   23436   8
   23436   9
   23436  10
   23436  11
   23436  12
   23436  13
   23436  14
   23436  15
   23436  16
   23436  18
   23436  19
   23436  20
   23436  21
   23436  22
   23436  24
   23457   0
   23457   1
   23457   2
   23457   3
   23457   4
   23457   5
   23457   6
   23457   7
   23457   8
   23457   9
   23457  10
   23457  11
   23457  12
   23457  13
   23457  14
   23457  15
   23457  16
   23457  17
   23457  18
   23457  19
   23457  20
   23457  21
   23457  22
   23457  23
   23457  24
   23457  25
   23457  26
   23457  27
   23457  28
   23457  29
   23457  30
   23457  31
   23457  32
   23457  33
   23457  34
   23457  35
   23457  36
   23457  37
   23457  38
   23457  39
   23457  40
   23457  41
   23457  42
   23457  43
   23457  44
   23457  46
   23457  47
   23514   0
   23514   1
   23514   2
   23514   3
   23514   4
   23514   5
   23514   6
   23514   7
   23514   8
   23514   9
   23514  10
   23514  11
   23514  12
   23514  13
   23514  14
   23514  15
   23514  16
   23514  17
   23514  18
   23514  19
   23514  20
   23514  21
   23514  22
   23514  23
   23514  24
   23514  25
   23514  26
   23514  27
   23514  28
   23514  29
   23514  30
   23514  31
   23514  32
   23514  33
   23514  35
   23514  36
   23514  37
   23514  39
   23514  40
   23514  41
   23514  42
   23514  43
   23514  44
   23514  46
   23514  47
   23514  48
   23514  49
   23514  50
   23514  51
   23514  52
   23514  53
   23514  54
   23514  55
   23514  69
   23514  71
   23514  73
   23573   0
   23573   1
   23573   2
   23573   3
   23573   4
   23573   5
   23573   6
   23573   7
   23573   8
   23573   9
   23573  10
   23573  11
   23573  12
   23573  13
   23573  14
   23573  15
   23573  16
   23573  17
   23573  18
   23573  19
   23573  20
   23573  21
   23573  22
   23573  23
   23573  24
   23573  25
   23573  26
   23573  27
   23573  28
   23573  29
   23573  30
   23573  31
   23573  32
   23573  33
   23573  34
   23573  35
   23573  38
   23573  39
   23573  40
   23573  41
   23573  42
   23573  44
   23573  46
   23573  47
   23573  49
   23573  50
   23573  51
   23573  52
   23588   0
   23588   1
   23588   2
   23588   3
   23588   4
   23588   5
   23588   6
   23588   7
   23588   8
   23588   9
   23588  10
   23588  11
   23588  12
   23588  13
   23588  14
   23588  15
   23588  16
   23588  17
   23588  18
   23588  19
   23588  20
   23588  21
   23588  22
   23588  23
   23588  24
   23588  25
   23588  26
   23588  27
   23588  28
   23588  29
   23588  30
   23588  31
   23588  34
   23588  38
   23588  39
   23588  41
   23588  42
   23588  43
   23588  45
   23588  46
   23588  47
   23588  48
   23588  49
   23588  51
   23588  52
   23588  53
   23588  54
   23670   0
   23670   1
   23670   2
   23670   3
   23670   4
   23670   5
   23670   6
   23670   7
   23670   8
   23670   9
   23670  10
   23670  11
   23670  12
   23670  13
   23670  14
   23670  15
   23670  16
   23670  17
   23670  18
   23670  19
   23670  20
   23670  21
   23670  22
   23670  23
   23670  24
   23670  25
   23670  26
   23670  27
   23670  28
   23670  29
   23670  30
   23670  31
   23670  32
   23670  34
   23670  39
   23670  40
   23670  42
   23670  43
   23670  44
   23670  46
   23670  48
   23670  49
   23670  50
   23670  52
   23670  53
   23670  54
   23670  55
   23730   0
   23730   1
   23730   2
   23730   3
   23730   4
   23730   5
   23730   7
   23730   8
   23730  10
   23730  11
   23730  12
   23730  13
   23730  14
   23730  15
   23730  16
   23730  17
   23730  18
   23730  19
   23730  20
   23730  21
   23730  23
   23795   0
   23795   1
   23795   2
   23795   3
   23795   4
   23795   5
   23795   6
   23795   7
   23795   8
   23795  10
   23795  11
   23795  13
   23795  16
   23798   0
   23798   1
   23798   2
   23798   3
   23798   4
   23798   5
   23798   6
   23798   7
   23798   8
   23798   9
   23798  10
   23798  11
   23798  12
   23798  13
   23798  14
   23798  15
   23798  16
   23798  17
   23798  18
   23798  19
   23798  20
   23798  21
   23798  22
   23801   0
   23801   1
   23801   2
   23801   3
   23801   4
   23801   5
   23801   6
   23801   7
   23801   8
   23801   9
   23801  10
   23801  11
   23801  12
   23801  13
   23801  14
   23801  15
   23801  16
   23801  17
   23801  18
   23801  19
   23801  20
   23801  21
   23801  22
   23801  23
   23801  24
   23801  25
   23809   0
   23809   1
   23809   2
   23809   3
   23809   4
   23809   5
   23809   6
   23809   7
   23809   8
   23809   9
   23809  10
   23809  11
   23809  12
   23809  13
   23809  14
   23809  15
   23809  16
   23809  17
   23809  18
   23809  19
   23809  20
   23809  21
   23809  22
   23809  23
   23809  24
   23809  25
   23809  26
   23809  27
   23809  28
   23809  39
   23809  40
   23809  42
   23809  43
   23809  44
   23809  46
   23809  47
   23809  48
   23809  49
   23809  50
   23809  51
   23809  52
   23809  53
   23809  54
   23809  55
   23809  56
   23888   0
   23888   1
   23888   2
   23888   3
   23888   4
   23888   5
   23888   6
   23888   7
   23888   8
   23888   9
   23888  10
   23888  11
   23888  12
   23888  13
   23888  14
   23888  16
   23888  17
   23888  18
   23888  20
   23899   0
   23899   1
   23899   2
   23899   3
   23899   4
   23899   5
   23899   6
   23899   7
   23899   8
   23899   9
   23899  10
   23899  11
   23899  12
   23899  13
   23899  14
   23899  15
   23899  16
   23899  17
   23899  18
   23899  19
   23899  20
   23899  21
   23899  22
   23899  23
   23899  24
   23899  25
   23899  26
   23899  27
   23899  28
   23899  39
   23899  40
   23899  42
   23899  43
   23899  44
   23899  46
   23899  47
   23899  48
   23899  49
   23899  50
   23899  51
   23899  52
   23899  53
   23899  54
   23899  55
   23899  56
   23902   0
   23902   1
   23902   2
   23902   3
   23902   4
   23902   5
   23902   6
   23902   7
   23902   8
   23902   9
   23902  10
   23902  11
   23902  12
   23902  13
   23902  14
   23902  15
   23902  16
   23902  17
   23902  18
   23902  19
   23902  20
   23902  21
   23902  22
   23902  23
   23902  24
   23902  25
   23902  26
   23902  27
   23902  28
   23902  39
   23902  40
   23902  42
   23902  43
   23902  44
   23902  46
   23902  47
   23902  48
   23902  49
   23902  50
   23902  51
   23902  52
   23902  53
   23902  54
   23902  55
   23902  56
   24194   0
   24194   1
   24194   2
   24194   3
   24194   4
=============
    9839   0
    9839   1
    9839   2
    9839   3
    9839   4
    9839   5
    9839   6
    9839   7
    9839   8
    9839   9
    9839  10
    9839  11
    9839  12
    9839  13
    9839  14
    9839  15
    9839  16
    9839  17
    9839  18
    9839  19
    9839  20
    9839  21
    9839  26
    9839  27
    9839  28
    9839  29
    9839  30
    9839  31
    9839  32
    9839  33
    9839  34
    9839  35
    9839  36
    9839  37
