     PID  FD
=============
     818   0
     818   1
     818   2
     818   3
     818   4
     818   5
     818   6
     818   7
     818   9
     818  10
     818  11
     818  12
     818  13
     818  14
     818  15
     818  19
     818  20
     818  21
     818  23
     818  24
     818  25
     818  34
     818  35
     818  36
     818  37
     818  38
     818  39
     818  40
     818  41
     818  42
     818  43
     832   0
     832   1
     832   2
     832   3
     832   4
     832   5
     832   6
     832   7
     832   8
     832   9
     832  10
     832  11
     832  12
     832  13
     832  14
     832  15
     832  16
     832  17
     832  18
     832  19
     832  20
     832  21
     832  22
     834   0
     834   1
     834   2
     834   3
     834   4
     834   5
     834   8
     834  10
     834  12
     834  15
     844   0
     844   1
     844   2
     844   3
     844   4
     844   5
     844   6
     844   7
     844   8
     844   9
     844  10
     844  11
     844  12
     844  13
     844  14
     844  15
     844  16
     844  17
     844  18
     844  19
     844  20
     844  21
     844  22
     844  23
     844  24
     844  25
     844  26
     844  27
     844  28
     844  29
     844  30
     844  31
     844  32
     844  33
     844  34
     844  35
     844  36
     844  37
     844  38
     844  39
     844  40
     844  41
     844  42
     844  43
     861   0
     861   1
     861   2
     861   3
     861   4
     861   5
     861   6
     861   7
     861   8
     861   9
     861  10
     861  11
     861  12
     861  13
     861  14
     861  15
     861  16
     861  17
     896   0
     896   1
     896   2
     896   3
     896   4
     896   5
     896   6
     896   7
     896   8
     896   9
     896  10
     896  11
     896  12
     896  13
     896  14
     896  15
     896  16
     896  17
     896  18
     896  19
     896  20
     896  21
     896  22
     896  23
     896  24
     896  25
     896  26
     896  27
     896  28
     896  29
     896  31
     896  32
     896  33
     896  34
     896  35
     896  36
     896  37
     896  38
     896  39
     896  40
     896  45
     896  46
     898   0
     898   1
     898   2
     898   3
     898   4
     898   5
     898   6
     898   7
     898   8
     898   9
     898  10
     898  11
     898  12
     898  13
     898  14
     898  15
     898  16
     898  17
     898  18
     898  19
     898  20
     898  21
     898  22
     898  23
     898  24
     898  25
     898  26
     898  27
     898  28
     898  29
     898  30
     898  31
     898  32
     898  33
     898  35
     898  36
     898  37
     898  46
     898  47
     898  48
     898  49
     898  50
     898  51
     898  52
     898  53
     898  54
     898  55
     898  56
     899   0
     899   1
     899   2
     899   3
     899   4
     899   5
     899   6
     899   7
     899   8
     899   9
     899  10
     899  11
     899  12
     899  13
     899  14
     899  15
     899  16
     899  17
     899  18
     899  19
     899  20
     899  21
     899  22
     899  23
     899  24
     899  25
     899  26
     899  27
     899  28
     899  29
     899  30
     899  31
     899  32
     899  33
     899  34
     899  35
     899  36
     899  37
     899  38
     899  39
     899  40
     899  41
     899  42
     899  43
     899  44
     899  45
     899  46
     899  47
     899  48
     899  49
     899  50
     899  51
     899  52
     899  53
     899  54
     899  55
     913   0
     913   1
     913   2
     913   3
     913   4
     913   5
     913   6
     913   7
     913   8
     913   9
     921   0
     921   1
     921   2
     921   3
     921   4
     921   5
     921   6
     933   0
     933   1
     933   2
     933   3
     933   4
     933   5
     933   6
     933   7
     933   8
     933   9
     933  10
     933  11
     933  12
     933  13
     933  14
     933  15
     933  16
     933  17
     933  18
     933  19
     933  20
     933  21
     933  22
     933  23
     933  24
     933  25
     933  26
     933  27
     933  28
     933  29
     933  30
     933  31
     933  32
     933  33
     933  34
     933  35
     933  36
     933  37
     933  38
     933  39
     933  40
     933  41
     933  42
     933  43
     933  44
     933  45
     933  46
     933  47
     933  48
     933  49
     933  50
     933  51
     933  52
     933  53
     933  54
     933  55
     933  56
     933  57
     933  58
     933  59
     933  60
     933  61
     933  62
     933  63
     933  64
     933  65
     933  66
     933  67
     933  68
     933  69
     933  71
     933  72
     933  73
     933  74
     933  75
     933  76
     933  77
     933  78
     933  79
     933  80
     933  81
     933  82
     933  83
     933  84
     933  85
     933  86
     933  87
     933  88
     933  89
     933  90
     933  91
     933  92
     933  93
     933  94
     933  95
     933  96
     933  97
     933  98
     933  99
     933 100
     933 101
     933 102
     933 103
     933 104
     933 105
     933 106
     933 107
     933 108
     933 109
     933 110
     933 111
     933 112
     933 113
     933 114
     933 115
     933 116
     933 117
     933 118
     933 120
     933 121
     933 122
     933 123
     933 124
     933 125
     933 126
     933 127
     933 128
     933 129
     933 130
     933 131
     933 132
     933 133
     933 134
     933 136
     933 143
     933 144
     933 149
     958   0
     958   1
     958   2
     958   3
     958   4
     958   5
     958   6
     958   7
     958   8
     958   9
     958  10
     958  11
     958  12
     958  13
     958  14
     970   0
     970   1
     970   2
     970   3
     970   4
     970   5
     970   6
     970   7
     974   0
     974   1
     974   2
     974   3
     974   4
     974   5
     974   6
     974   7
     974   8
     974   9
     984   0
     984   1
     984   2
     984   3
     984   4
     984   5
     984   6
     984   7
     984   8
     984   9
     987   0
     987   1
     987   2
     987   3
     987   4
     987   5
     987   6
     987   7
     987   8
    1056   0
    1056   1
    1056   2
    1056   3
    1056   4
    1056   5
    1056   6
    1056   7
    1056   8
    1056   9
    1056  10
    1056  11
    1056  12
    1056  13
    1056  14
    1056  15
    1056  16
    1056  17
    1056  18
    1056  19
    1056  20
    1056  21
    1056  22
    1059   0
    1059   1
    1059   2
    1059   3
    1059   4
    1059   5
    1059   6
    1059   7
    1059   8
    1059   9
    1059  10
    1059  11
    1059  12
    1059  13
    1059  14
    1059  15
    1059  16
    1059  17
    1059  18
    1059  19
    1059  20
    1059  21
    1059  22
    1059  23
    1059  24
    1059  25
    1059  26
    1059  27
    1177   0
    1177   1
    1177   2
    1177   3
    1177   4
    1177   5
    1177   6
    1177   7
    1177   8
    1177   9
    1177  10
    1177  11
    1177  12
    1177  13
    1177  14
    1177  15
    1177  16
    1177  17
    1177  18
    1177  19
    1177  20
    1177  21
    1177  22
    1177  23
    1177  24
    1177  25
    1177  26
    1177  27
    1177  28
    1177  29
    1177  30
    1177  31
    1177  32
    1177  33
    1177  34
    1177  35
    1177  36
    1177  37
    1177  38
    1177  39
    1177  40
    1177  41
    1177  42
    1177  43
    1177  44
    1177  45
    1177  46
    1177  47
    1177  48
    1177  49
    1177  50
    1177  51
    1177  52
    1177  53
    1177  54
    1177  55
    1177  56
    1177  57
    1177  59
    1177  60
    1177  61
    1177  62
    1177  64
    1177  65
    1177  66
    1197   0
    1197   1
    1197   2
    1197   3
    1197   4
    1197   5
    1197   6
    1197   7
    1208   0
    1208   1
    1208   2
    1208   3
    1208   4
    1208   5
    1208   6
    1208   7
    1208   8
    1208   9
    1208  10
    1208  11
    1208  12
    1208  13
    1208  14
    1208  15
    1208  16
    1208  17
    1208  18
    1208  19
    1208  20
    1208  21
    1208  22
    1208  27
    1208  28
    1208  29
    1208  30
    1208  31
    1208  32
    1208  33
    1208  34
    1208  35
    1208  36
    1208  37
    1286   0
    1286   1
    1286   2
    1286   3
    1286   4
    1286   5
    1286   6
    1286   7
    1286   8
    1286   9
    1780   0
    1780   1
    1780   2
    1780   3
    1780   4
    1780   5
    1780   6
    1780   7
    1780   8
    1780   9
    1780  10
    1780  11
    1780  12
    1780  13
    1780  14
    1780  15
    1780  16
    1780  17
    1780  18
    1780  19
    1780  20
    1780  21
    1780  22
    1780  23
    1780  24
    1780  25
    1780  26
    1780  27
    1780  28
    1780  29
    1780  30
    1780  31
    1780  32
    1780  33
    1780  34
    1780  35
    1780  36
    1780  37
    1780  38
    1780  39
    1780  40
    1780  41
    1780  42
    1780  43
    1780  44
    1780  45
    1780  46
    1780  47
    1780  48
    1780  49
    1780  50
    1780  51
    1780  52
    1780  53
    1780  54
    1780  55
    1780  56
    1780  57
    1780  58
    1780  59
    1780  60
    1780  61
    1780  62
    1780  63
    1780  64
    1780  65
    1780  66
    1780  67
    1780  68
    1780  69
    1780  70
    1780  71
    1780  72
    1780  73
    1780  74
    1780  75
    1780  76
    1780  77
    1780  78
    1780  79
    1780  80
    1780  81
    1780  82
    1780  83
    1780  84
    1780  85
    1780  86
    1780  87
    1780  88
    1780  89
    1780  90
    1780  91
    1780  92
    1780  93
    1780  94
    1780  95
    1780  96
    1780  97
    1780  98
    1780  99
    1780 100
    1780 101
    1780 102
    1780 103
    1780 104
    1780 105
    1780 106
    1780 107
    1780 108
    1780 109
    1780 110
    1780 111
    1780 112
    1780 113
    1780 114
    1780 115
    1780 116
    1780 117
    1780 119
    1780 129
    1780 131
    1780 132
    1780 133
    1780 135
    1783   0
    1783   1
    1783   2
    1783   3
    1783   4
    1783   5
    1783   6
    1783   7
    1783   8
    1783   9
    1783  10
    1783  11
    1784   0
    1784   1
    1784   2
    1784   3
    1784   4
    1784   5
    1784   6
    1784   7
    1784   8
    1784   9
    1784  10
    1784  12
    1786   0
    1786   1
    1786   2
    1786   3
    1786   4
    1786   5
    1786   6
    1786   7
    1786   8
    1786   9
    1786  10
    1786  11
    1786  12
    1809   0
    1809   1
    1809   2
    1809   3
    1809   4
    1809   5
    1809   6
    1809   7
    1809   8
    1809   9
    1809  10
    1809  11
    1809  12
    1809  13
    1809  14
    1809  15
    1809  16
    1809  17
    1809  18
    1809  19
    1809  20
    1809  21
    1809  22
    1809  23
    1809  24
    1809  25
    1809  26
    1809  27
    1809  28
    1809  29
    1809  30
    1809  31
    1809  32
    1809  33
    1809  34
    1809  35
    1809  36
    1809  37
    1809  38
    1809  39
    1809  40
    1809  41
    1809  42
    1809  43
    1809  44
    1809  45
    1809  46
    1809  47
    1809  48
    1809  49
    1809  50
    1809  51
    1809  52
    1809  53
    1809  56
    1809  57
    1809  58
    1809  59
    1809  73
    1809  77
    1809  78
    1809  79
    1809  80
    1809  81
    1809  82
    1809  83
    1809  87
    1809  88
    1809  89
    1809  90
    1809  91
    1809  92
    1809  93
    1809  94
    1809  95
    1809  97
    1820   0
    1820   1
    1820   2
    1820   3
    1820   4
    1820   5
    1820   6
    1820   7
    1820   8
    1820   9
    1820  10
    1820  11
    1820  12
    1820  13
    1820  14
    1820  15
    1820  16
    1820  17
    1820  18
    1820  19
    1820  20
    1820  21
    1820  22
    1820  23
    1820  24
    1820  26
    1820  28
    1820  30
    1820  33
    1820  37
    1820  38
    1820  43
    1820  44
    1820 103
    1845   0
    1845   1
    1845   2
    1845   3
    1845   4
    1845   5
    1845   6
    1845   7
    1845   8
    1845   9
    1845  10
    1845  11
    1845  12
    1845  13
    1845  14
    1845  15
    1845  16
    1845  17
    1845  18
    1845  19
    1845  20
    1845  21
    1845  22
    1845  23
    1845  24
    1845  25
    1845  26
    1845  27
    1845  28
    1845  29
    1845  30
    1845  31
    1845  32
    1845  33
    1845  34
    1845  35
    1845  36
    1845  37
    1845  38
    1869   0
    1869   1
    1869   2
    1869   3
    1869   4
    1869   5
    1869   6
    1869   7
    1869   8
    1869   9
    1869  10
    1869  11
    1869  12
    1869  13
    1869  14
    1869  15
    1869  16
    1869  17
    1869  18
    1869  19
    1869  20
    1869  21
    1869  22
    1869  23
    1869  24
    1869  25
    1869  26
    1869  27
    1869  28
    1869  29
    1869  30
    1869  31
    1869  32
    1869  33
    1869  34
    1869  35
    1869  36
    1869  37
    1869  38
    1869  39
    1869  41
    1869  42
    1869  43
    1869  44
    1869  45
    1869  46
    1869  47
    1869  48
    1869  50
    1869  51
    1869  52
    1869  53
    1869  55
    1869  56
    1869  57
    1869  58
    1869  59
    1869  60
    1869  61
    1869  62
    1869  65
    1869  69
    1869  70
    1869  71
    1869  72
    1869  73
    1869  74
    1869  75
    1869  76
    1869  77
    1869  78
    1869  79
    1869  80
    1869  81
    1869  82
    1869  83
    1869  84
    1869  85
    1869  86
    1869  87
    1869  88
    1869  89
    1869  90
    1869  91
    1869  92
    1869  93
    1869  94
    1869  95
    1869  96
    1869  97
    1869  98
    1869  99
    1869 100
    1869 101
    1869 102
    1869 103
    1869 104
    1869 105
    1869 109
    1869 110
    1869 111
    1869 114
    1869 115
    1869 116
    1869 117
    1869 120
    1869 121
    1869 122
    1869 132
    1869 145
    1869 162
    1869 163
    1869 164
    1869 165
    1869 166
    1869 175
    1869 177
    1869 196
    1869 207
    1869 213
    1869 218
    1869 256
    1869 257
    1869 258
    1869 372
    1912   0
    1912   1
    1912   2
    1912   3
    1912   4
    1912   5
    1912   6
    1912   7
    1912   8
    1912   9
    1912  10
    1912  11
    1912  12
    1912  13
    1912  14
    1912  15
    1912  16
    1912  17
    1912  18
    1912  19
    1912  20
    1912  21
    1912  22
    1912  23
    1912  24
    1912  25
    1912  26
    1912  27
    1912 103
    1963   0
    1963   1
    1963   2
    1963   3
    1963   4
    1963   5
    1963   6
    1963   7
    1963   8
    1963   9
    1963  10
    1963  11
    1963  13
    1963  14
    1963  15
    1963  16
    1963  17
    1963  18
    1963  19
    1963  20
    1963  21
    1963  22
    1963  23
    1963  24
    1963  25
    1963  26
    1963  27
    1963  28
    1963  29
    1963  30
    1963  31
    1963  32
    1963  33
    1963  34
    1963  35
    1963  36
    1963  37
    1963  61
    1971   0
    1971   1
    1971   2
    1971   4
    1971   5
    1971   6
    1971   7
    1971  61
    2084   0
    2084   1
    2084   2
    2084   3
    2084   4
    2084   5
    2084   6
    2084   7
    2084   8
    2084   9
    2084  10
    2084  11
    2084  12
    2084  13
    2084  14
    2084  15
    2084  16
    2084  17
    2084  18
    2084  19
    2084  20
    2084  21
    2084  22
    2084  23
    2084  24
    2084  25
    2084  26
    2084  27
    2084  28
    2084  29
    2084  30
    2084  31
    2084  32
    2084  33
    2084  34
    2084  35
    2084  36
    2084  37
    2084  38
    2084  39
    2084  40
    2084  41
    2084  42
    2084  43
    2084  44
    2084  45
    2084  46
    2084  47
    2084  48
    2084  49
    2084  50
    2084  51
    2084  52
    2084  53
    2084  54
    2084  55
    2084  56
    2084  57
    2084  58
    2084  59
    2084  60
    2084  61
    2084  62
    2084  63
    2084  64
    2084  65
    2084  66
    2084  67
    2084  68
    2084  69
    2084  70
    2084  71
    2084  72
    2084  73
    2084  74
    2084  75
    2084  76
    2084  77
    2084  78
    2084  79
    2084  80
    2084  81
    2084  82
    2084  83
    2084  84
    2084  85
    2084  86
    2084  87
    2084  88
    2084  89
    2084  90
    2084  91
    2084  92
    2084  93
    2084  94
    2084  95
    2084  96
    2084  97
    2084  98
    2084  99
    2084 101
    2084 104
    2084 105
    2084 106
    2084 109
    2084 111
    2084 120
    2084 121
    2084 122
    2084 123
    2084 124
    2084 125
    2084 126
    2084 127
    2084 128
    2084 129
    2084 130
    2084 131
    2084 132
    2084 133
    2084 134
    2084 135
    2084 136
    2084 137
    2084 138
    2084 139
    2084 140
    2084 141
    2084 142
    2084 143
    2084 144
    2084 145
    2084 148
    2084 149
    2084 150
    2084 151
    2092   0
    2092   1
    2092   2
    2092   3
    2092   4
    2092   5
    2092   6
    2092   7
    2092   8
    2092   9
    2092  10
    2092  11
    2093   0
    2093   1
    2093   2
    2093   3
    2093   4
    2093   5
    2093   6
    2093   7
    2093   8
    2093   9
    2093  10
    2093  12
    2095   0
    2095   1
    2095   2
    2095   3
    2095   4
    2095   5
    2095   6
    2095   7
    2095   8
    2095   9
    2095  10
    2095  11
    2095  12
    2108   0
    2108   1
    2108   2
    2108   3
    2108   4
    2108  43
    2120   0
    2120   1
    2120   2
    2120   3
    2120   4
    2120   5
    2120   6
    2120   7
    2120   8
    2120   9
    2120  10
    2120  11
    2120  12
    2120  13
    2120  14
    2120  15
    2120  16
    2120  17
    2120  18
    2120  19
    2120  20
    2120  21
    2120  22
    2120  23
    2120  24
    2120  25
    2120  26
    2120  27
    2120  28
    2120  29
    2120  30
    2120  31
    2120  32
    2120  33
    2120  34
    2120  35
    2120  36
    2120  37
    2120  38
    2120  39
    2120  40
    2120  41
    2120  42
    2120  43
    2120  44
    2120  45
    2120  46
    2120  47
    2120  48
    2120  49
    2120  50
    2120  51
    2120  52
    2120  53
    2120  56
    2120  57
    2120  58
    2120  60
    2120  61
    2120  63
    2120  64
    2120  65
    2120  66
    2120  67
    2120  68
    2120  69
    2120  72
    2120  73
    2120  74
    2120  75
    2120  77
    2120  78
    2120  79
    2120  80
    2120  83
    2120  84
    2120  85
    2120  86
    2129   0
    2129   1
    2129   2
    2129   3
    2129   4
    2129   5
    2129   6
    2129   7
    2129   8
    2129   9
    2129  10
    2129  11
    2129  12
    2129  13
    2129  14
    2129  15
    2129  16
    2129  17
    2129  18
    2129  19
    2129  20
    2129  21
    2129  22
    2129  23
    2129  24
    2129  25
    2129  26
    2129  27
    2129  28
    2129  29
    2129  30
    2129  31
    2129  32
    2129  33
    2129  34
    2129  35
    2129  36
    2129  37
    2129  38
    2135   0
    2135   1
    2135   2
    2135   3
    2135   4
    2135   5
    2135   6
    2135   7
    2135   8
    2135   9
    2135  10
    2135  11
    2135  12
    2135  13
    2135  14
    2135  15
    2135  16
    2135  17
    2135  18
    2135  19
    2135  20
    2135  21
    2135  22
    2135  24
    2135  25
    2135  26
    2135  27
    2135  28
    2135 103
    2160   0
    2160   1
    2160   2
    2160   3
    2160   4
    2160   5
    2160   6
    2160   7
    2160   8
    2160   9
    2160  10
    2160  11
    2160  12
    2160  13
    2160  14
    2160  15
    2160  16
    2160  17
    2160  18
    2160  19
    2160  20
    2160  21
    2160  22
    2160  23
    2160  24
    2160  25
    2160  26
    2160  27
    2160  28
    2160  29
    2160  30
    2160  31
    2160  34
    2160  35
    2160  36
    2160  37
    2160  38
    2160  39
    2160  40
    2160  41
    2160  42
    2160  43
    2160  44
    2160  45
    2160  46
    2160  47
    2160  48
    2160  49
    2160  50
    2160  53
    2160  54
    2160  58
    2160  61
    2199   0
    2199   1
    2199   2
    2199   3
    2199   4
    2199   5
    2199   6
    2199   7
    2199   8
    2199   9
    2199  10
    2199  11
    2199  12
    2199  13
    2199  14
    2199  15
    2199  16
    2199  17
    2199  18
    2199  19
    2199  20
    2199  21
    2199  22
    2199  23
    2199  24
    2199  25
    2199  26
    2199  27
    2199  28
    2199  29
    2199  30
    2199  31
    2199  32
    2199  33
    2199  34
    2199  35
    2199  36
    2199  37
    2199  38
    2199  39
    2199  40
    2199  41
    2199  42
    2199  43
    2199  44
    2199  45
    2199  46
    2199  48
    2199  49
    2199  50
    2199  54
    2199  56
    2199 103
    2209   0
    2209   1
    2209   2
    2209   3
    2209   4
    2209   5
    2209   6
    2209   7
    2209   8
    2209   9
    2209  10
    2209  11
    2209  12
    2209  13
    2209  14
    2209  15
    2209  16
    2209  17
    2209  18
    2209  19
    2209  20
    2209  21
    2209  22
    2209  23
    2209  24
    2209  25
    2209  26
    2209  27
    2209  28
    2209  29
    2209  30
    2209  31
    2209  32
    2209  33
    2209  34
    2209  35
    2209  36
    2209  37
    2209  38
    2209  39
    2209  40
    2209  43
    2209  45
    2209  46
    2209  47
    2209  51
    2209  52
    2209  53
    2209  54
    2209  55
    2209  56
    2209  57
    2209  59
    2209  60
    2209  61
    2209  62
    2209  63
    2209 103
    2209 221
    2229   0
    2229   1
    2229   2
    2229   3
    2229   4
    2229   5
    2229   6
    2229   7
    2229   8
    2229   9
    2229  10
    2229  11
    2229  12
    2229  13
    2229  14
    2229  15
    2229  16
    2229  17
    2229  18
    2229  19
    2229  20
    2229  21
    2229  22
    2229  23
    2229  24
    2229  25
    2229  26
    2229  27
    2229  28
    2229  29
    2229  30
    2229  31
    2229  32
    2229  33
    2229  34
    2229  35
    2229  36
    2229  37
    2229  38
    2229  39
    2229  40
    2229  41
    2229  42
    2229  43
    2229  44
    2229  45
    2229  46
    2229  47
    2229  48
    2229  49
    2229  50
    2229  51
    2229  52
    2229  53
    2229  54
    2229  55
    2229  56
    2229  57
    2229 103
    2272   0
    2272   1
    2272   2
    2272   3
    2272   4
    2272   5
    2272   6
    2272   7
    2272   8
    2272   9
    2272  10
    2272  11
    2272  12
    2272  13
    2272  14
    2272  15
    2272  16
    2272  17
    2272  18
    2272  19
    2272  20
    2272  21
    2272  22
    2272  23
    2272  24
    2272  25
    2272  26
    2272  27
    2272  28
    2272  29
    2272  30
    2272  31
    2272  32
    2272  33
    2272  34
    2272  35
    2272  36
    2272  37
    2272  38
    2272  39
    2272  40
    2272  41
    2272  42
    2272  43
    2272  44
    2272  45
    2272  46
    2272  47
    2272  48
    2272  49
    2272  50
    2272  51
    2272  52
    2272  53
    2272  54
    2272  55
    2272  56
    2272  57
    2272  58
    2272  59
    2272  63
    2272 103
    2272 221
    2305   0
    2305   1
    2305   2
    2305   3
    2305   4
    2305   5
    2305   6
    2322   0
    2322   1
    2322   2
    2322   3
    2322   4
    2322   5
    2322   6
    2322   7
    2322   8
    2322   9
    2322  10
    2322  11
    2322  12
    2322  13
    2322  14
    2322  15
    2322  16
    2322  17
    2322  18
    2322  19
    2322  20
    2322  21
    2322  22
    2322  23
    2322  24
    2322  25
    2322  38
    2322  39
    2322  40
    2322  43
    2322  44
    2322  49
    2322  50
    2322 103
    2359   0
    2359   1
    2359   2
    2359   3
    2359   4
    2359   5
    2359   6
    2359   7
    2359   8
    2359   9
    2359  10
    2359  11
    2359  12
    2359  13
    2359  14
    2359  15
    2359  16
    2359  17
    2359  18
    2359  19
    2359  20
    2359  21
    2359  22
    2359  23
    2359  24
    2359  25
    2359  26
    2359  27
    2359  28
    2359  29
    2359  30
    2359  31
    2359  32
    2359  33
    2359  34
    2359  35
    2359  36
    2359  37
    2359  38
    2359  39
    2359  40
    2359  41
    2359  42
    2359  43
    2359  44
    2359  45
    2359  46
    2359  47
    2359  48
    2359  49
    2359  50
    2359  51
    2359  52
    2359  53
    2359  54
    2359  55
    2359  56
    2359  57
    2359  58
    2359  59
    2359  60
    2359  61
    2359  62
    2359  63
    2359  64
    2359  65
    2359  66
    2359  67
    2359  68
    2359  69
    2359  70
    2359  71
    2359  72
    2359  73
    2359  75
    2359  76
    2359  77
    2359  79
    2359  80
    2359  81
    2359  82
    2359  83
    2359  84
    2359  86
    2359  87
    2359  88
    2359  89
    2359  90
    2359  91
    2359  92
    2359  93
    2359  94
    2359  95
    2359  96
    2359  97
    2359  98
    2359  99
    2359 100
    2359 101
    2359 102
    2359 103
    2359 104
    2359 105
    2359 107
    2359 108
    2359 109
    2359 110
    2359 111
    2359 112
    2359 113
    2359 114
    2359 115
    2359 116
    2359 117
    2359 118
    2359 119
    2359 123
    2359 124
    2359 125
    2359 126
    2359 127
    2359 129
    2359 133
    2359 134
    2359 135
    2359 136
    2359 137
    2359 138
    2359 139
    2359 142
    2359 143
    2359 144
    2359 145
    2359 146
    2359 147
    2359 148
    2359 149
    2359 150
    2359 151
    2359 152
    2359 153
    2359 154
    2359 155
    2359 156
    2359 157
    2359 158
    2359 159
    2359 160
    2359 161
    2359 162
    2359 163
    2359 164
    2359 165
    2359 166
    2359 167
    2359 168
    2359 169
    2359 170
    2359 171
    2359 172
    2359 173
    2359 174
    2359 175
    2359 176
    2359 177
    2359 178
    2359 179
    2359 180
    2359 181
    2359 182
    2359 183
    2359 184
    2359 185
    2359 186
    2359 188
    2359 190
    2359 191
    2359 192
    2359 193
    2359 194
    2359 195
    2359 199
    2359 200
    2359 201
    2359 202
    2359 205
    2359 206
    2359 207
    2359 208
    2359 209
    2359 210
    2359 212
    2359 214
    2359 215
    2359 216
    2359 217
    2359 218
    2359 219
    2359 220
    2359 221
    2359 222
    2359 223
    2359 224
    2359 226
    2359 227
    2359 228
    2359 229
    2359 230
    2359 231
    2359 232
    2359 233
    2359 234
    2359 235
    2359 237
    2359 241
    2359 243
    2359 248
    2359 249
    2359 250
    2359 254
    2359 256
    2359 257
    2359 260
    2359 261
    2359 262
    2359 263
    2359 264
    2359 265
    2359 266
    2359 268
    2359 269
    2359 270
    2359 271
    2359 282
    2359 283
    2359 284
    2359 292
    2359 293
    2359 294
    2359 295
    2359 301
    2359 309
    2359 310
    2419   0
    2419   1
    2419   2
    2419   3
    2419   4
    2419   5
    2419   6
    2419   7
    2419   8
    2419   9
    2419  10
    2419  11
    2419  12
    2419  13
    2419  14
    2419  15
    2419  16
    2419  17
    2419  18
    2419  19
    2419  20
    2419  21
    2419  24
    2444   0
    2444   1
    2444   2
    2444   3
    2444   4
    2444   5
    2444   6
    2444   7
    2444   8
    2444   9
    2444  10
    2444  11
    2444  12
    2444  13
    2444  14
    2444  15
    2444  16
    2444  17
    2444  18
    2444  19
    2444  20
    2444  21
    2444  23
    2444  24
    2444  25
    2444  26
    2444  27
    2444  28
    2444  29
    2444  30
    2444  31
    2444  32
    2444  33
    2444  34
    2444  35
    2444  36
    2444  37
    2444  38
    2444  39
    2444  40
    2444  41
    2444  42
    2444  43
    2444  44
    2444  45
    2444  46
    2444  48
    2444  51
    2499   0
    2499   1
    2499   2
    2499   3
    2499   4
    2499   5
    2499   6
    2499   7
    2499   8
    2499   9
    2499  10
    2499  11
    2499  12
    2499  13
    2499  14
    2499  15
    2499  16
    2499  17
    2499  18
    2499  19
    2499  20
    2499  21
    2499  23
    2499  25
    2499  26
    2499  27
    2499  28
    2499  29
    2499  30
    2499  31
    2499  32
    2499  33
    2499  34
    2499  35
    2499  36
    2499  38
    2499  40
    2499  41
    2499  44
    2499  45
    2499  46
    2499  47
    2499  48
    2499  49
    2499  50
    2499  53
    2560   0
    2560   1
    2560   2
    2560   3
    2560   4
    2560   5
    2560   6
    2560   7
    2560   8
    2560   9
    2560  10
    2560  11
    2560  12
    2560  13
    2560  14
    2560  15
    2560  16
    2560  17
    2560  18
    2560  19
    2560  20
    2560  21
    2560  22
    2560  23
    2560  24
    2560  25
    2560  26
    2560  27
    2560  29
    2560  30
    2560  31
    2560  32
    2560  33
    2560  37
    2560  38
    2560  40
    2560  41
    2560  42
    2560  44
    2560  45
    2560  47
    2560  50
    2560  52
    2560  53
    2563   0
    2563   1
    2563   2
    2563   3
    2563   4
    2563   5
    2563   6
    2563   7
    2563   8
    2563   9
    2563  10
    2563  11
    2563  12
    2563  13
    2563  14
    2563  15
    2563  16
    2563  17
    2563  18
    2563  19
    2563  20
    2563  21
    2563  23
    2563  24
    2563  25
    2563  26
    2563  28
    2563  29
    2563  30
    2563  31
    2563  32
    2563  33
    2563  37
    2563  38
    2563  40
    2563  41
    2563  42
    2563  44
    2563  45
    2563  47
    2563  49
    2563  50
    2563  52
    2563  53
    3738   0
    3738   1
    3738   2
    3738   3
    3738   4
    3738   5
    3738   6
    3738   7
    3738   8
    3738   9
    3738  10
    3738  11
    3738  12
    3738  13
    3738  14
    3738  15
    3738  16
    3738  17
    3738  18
    3738  19
    3738  20
    3738  21
    3738  22
    3738  23
    3740   0
    3740   1
    3740   2
    3740   3
    3740   4
    3740   5
    3740   6
    3740   7
    3740   8
    3740   9
    3740  10
    3740  11
    3740  12
    3740  13
    3740  14
    3740  15
    3740  16
    3740  17
    3740  18
    3740  19
    3740  20
    3740  21
    3740  22
    3765   0
    3765   1
    3765   2
    3765   3
    3765   4
    3765   5
    3765   6
    3765   7
    3765   8
    3765   9
    3765  10
    3765  11
    3765  12
    3765  13
    3765  14
    3765  15
    3765  16
    3765  17
    3765  18
    3765  19
    3765  20
    3765  21
    3765  23
    3765  24
    3765  25
    3765  26
    3765  27
    3765  28
    3765  29
    3765  30
    3765  31
    3765  32
    3765  33
    3765  34
    3765  35
    3765  36
    3765  37
    3765  38
    3765  39
    3765  40
    3765  41
    3765  42
    3765  43
    3765  44
    3765  45
    3765  46
    3765  47
    3765  48
    3765  49
    3765  50
    3765  51
    3765  52
    3765  53
    3765  54
    3765  56
    3765  57
    3765  58
    4655   0
    4655   1
    4655   2
    4655   3
    4655   4
    4655   5
    4655   6
    4655   7
    4655   8
    4655   9
    4655  10
    4655  11
    4655  12
    4655  13
    4655  14
    4655  15
    4655  16
    4655  17
    4655  18
    4655  19
    4655  20
    4655  21
    4655  23
    4655  24
    4655  25
    4655  26
    4655  27
    4655  28
    4655  29
    4655  30
    4655  31
    4655  33
    4655  34
    4655  37
    4655  38
    4655  40
    4655  41
    4655  42
    4655  44
    4655  46
    4655  47
    4655  48
    4655  49
    4655  50
    4655  51
    4655  52
    5179   0
    5179   1
    5179   2
    5179   3
    5179   4
    5179   5
    5179   6
    5179   7
    5179   8
    5179   9
    5179  10
    5179  11
    5179  12
    5179  13
    5179  14
    5179  15
    5179  16
    5179  17
    5179  18
    5179  19
    5179  20
    5179  21
    5179  22
    5179  23
    5179  24
    5179  25
    5179  26
    5179  27
    5179  28
    5179  29
    5179  30
    5179  31
    5179  32
    5179  33
    5179  34
    5179  35
    5179  36
    5179  37
    5179  38
    5179  39
    5179  40
    5179  41
    5179  42
    5179  43
    5179  44
    5179  45
    5179  46
    5179  48
    5179  50
    5179  51
    5179  52
    5179  53
    5179  57
    5217   0
    5217   1
    5217   2
    5217   3
    5217   4
    5217   5
    5217   6
    5217   7
    5217   8
    5217   9
    5217  10
    5217  11
    5217  12
    5217  13
    5217  14
    5217  15
    5217  16
    5217  17
    5217  18
    5217  19
    5217  20
    5217  21
    5217  22
    5217  23
    5217  24
    5217  25
    5217  26
    5217  27
    5217  28
    5217  29
    5217  32
    5217  38
    5217  39
    5217  41
    5217  42
    5217  43
    5217  45
    5217  46
    5217  47
    5217  48
    5217  49
    5217  51
    5217  52
    5217  53
    5217  54
    5217  57
    5387   0
    5387   1
    5387   2
    5387   3
    5387   4
    5387   5
    5387   6
    5387   7
    5387   8
    5387   9
    5387  10
    5387  11
    5387  12
    5387  13
    5387  14
    5387  15
    5387  16
    5387  17
    5387  18
    5387  19
    5387  20
    5387  21
    5387  22
    5387  23
    5387  24
    5387  25
    5387  26
    5387  27
    5387  28
    5387  29
    5387  30
    5387  31
    5387  32
    5387  33
    5387  34
    5387  35
    5387  38
    5387  39
    5387  41
    5387  42
    5387  43
    5387  45
    5387  47
    5387  48
    5387  51
    5387  52
    5387  53
    5387  57
    5391   0
    5391   1
    5391   2
    5391   3
    5391   4
    5391   5
    5391   6
    5391   7
    5391   8
    5391   9
    5391  10
    5391  11
    5391  12
    5391  13
    5391  14
    5391  15
    5391  16
    5391  17
    5391  18
    5391  19
    5391  20
    5391  21
    5391  22
    5391  23
    5391  24
    5391  25
    5391  26
    5391  27
    5391  28
    5391  33
    5391  38
    5391  39
    5391  41
    5391  42
    5391  43
    5391  45
    5391  46
    5391  47
    5391  48
    5391  49
    5391  50
    5391  51
    5391  52
    5391  53
    5391  54
    5391  57
    5535   0
    5535   1
    5535   2
    5535   3
    5535   4
    5535   5
    5535   6
    5535   7
    5535   8
    5535   9
    5535  10
    5535  11
    5535  12
    5535  13
    5535  14
    5535  15
    5535  16
    5535  17
    5535  18
    5535  19
    5535  20
    5535  21
    5535  22
    5535  23
    5535  24
    5535  25
    5535  26
    5535  27
    5535  28
    5535  29
    5535  30
    5535  31
    5535  32
    5535  33
    5535  38
    5535  39
    5535  41
    5535  42
    5535  43
    5535  45
    5535  47
    5535  48
    5535  51
    5535  52
    5535  53
    5535  57
    5898   0
    5898   1
    5898   2
    5898   3
    5898   4
    5898   5
    5898   6
    5898   7
    5898   8
    5898   9
    5898  10
    5898  11
    5898  12
    5898  13
    5898  14
    5898  15
    5898  16
    5898  17
    5898  18
    5898  19
    5898  20
    5898  21
    5898  22
    5898  23
    5898  24
    5898  25
    5898  26
    5898  27
    5898  28
    5898  29
    5898  30
    5898  31
    5898  32
    5898  34
    5898  38
    5898  39
    5898  41
    5898  42
    5898  43
    5898  45
    5898  47
    5898  48
    5898  51
    5898  52
    5898  53
    5898  57
    6267   0
    6267   1
    6267   2
    6267   3
    6267   4
    6267   5
    6267   6
    6267   7
    6267   8
    6267   9
    6267  10
    6267  11
    6267  12
    6267  13
    6267  14
    6267  15
    6267  16
    6267  17
    6267  18
    6267  19
    6267  20
    6267  21
    6267  22
    6267  23
    6267  24
    6267  25
    6267  26
    6267  27
    6267  28
    6267  29
    6267  30
    6267  31
    6267  32
    6267  33
    6267  34
    6267  35
    6267  36
    6267  38
    6267  39
    6267  41
    6267  42
    6267  43
    6267  45
    6267  48
    6267  51
    6267  52
    6267  53
    6267  57
    6356   0
    6356   1
    6356   2
    6356   3
    6356   4
    6356   5
    6356   6
    6356   7
    6356   8
    6356   9
    6356  10
    6356  11
    6356  12
    6356  13
    6356  14
    6356  15
    6356  16
    6356  17
    6356  18
    6356  19
    6356  20
    6356  21
    6356  22
    6356  23
    6356  25
    6362   0
    6362   1
    6362   2
    6362   3
    6362   4
    6362   5
    6362   6
    6362   7
    6362   8
    6362   9
    6362  10
    6362  11
    6362  12
    6362  13
    6362  14
    6362  15
    6362  16
    6362  17
    6362  18
    6362  19
    6362  20
    6362  21
    6362  22
    6362  23
    6362  24
    6362  25
    6362  26
    6362  27
    6362  28
    6362  29
    6362  30
    6362  31
    6362  32
    6362  33
    6362  34
    6362  35
    6362  36
    6362  37
    6362  38
    6362  39
    6362  40
    6362  41
    6362  42
    6362  43
    6362  44
    6362  45
    6362  46
    6362  47
    6362  48
    6362  49
    6362  50
    6362  51
    6362  52
    6362  53
    6362  54
    6362  55
    6362  56
    6362  57
    6362  58
    6362  59
    6362  60
    6362  61
    6362  62
    6362  63
    6362  64
    6362  65
    6362  66
    6362  67
    6362  68
    6362  69
    6362  70
    6362  71
    6362  72
    6362  73
    6362  74
    6362  75
    6362  76
    6362  77
    6362  78
    6362  79
    6362  80
    6362  81
    6362  82
    6362  83
    6362  84
    6362  85
    6362  86
    6362  87
    6362  88
    6362  89
    6362  90
    6362  91
    6362  92
    6362  93
    6362  94
    6362  95
    6362  96
    6362  97
    6362  98
    6362  99
    6362 100
    6362 101
    6362 102
    6362 103
    6362 104
    6362 105
    6362 106
    6362 107
    6362 108
    6362 109
    6362 110
    6362 111
    6362 112
    6362 113
    6362 114
    6362 115
    6362 116
    6362 117
    6362 118
    6362 119
    6362 120
    6362 121
    6362 122
    6362 123
    6362 124
    6362 125
    6362 126
    6362 127
    6362 128
    6362 129
    6362 130
    6362 131
    6362 132
    6362 133
    6362 134
    6362 135
    6362 136
    6362 137
    6362 138
    6362 139
    6362 140
    6362 141
    6362 142
    6362 143
    6362 144
    6362 145
    6362 146
    6362 147
    6362 148
    6362 149
    6362 150
    6362 151
    6362 152
    6362 153
    6362 154
    6362 155
    6362 156
    6362 157
    6362 158
    6362 159
    6362 160
    6362 161
    6362 162
    6362 163
    6362 164
    6362 165
    6362 166
    6362 170
    6362 171
    6362 173
    6362 174
    6362 175
    6362 176
    6362 179
    6362 180
    6362 182
    6362 183
    6362 185
    6362 186
    6362 187
    6362 188
    6362 190
    6362 191
    6362 192
    6362 194
    6362 197
    6362 198
    6362 200
    6362 201
    6362 203
    6366   0
    6366   1
    6366   2
    6366  61
    6367   0
    6367   1
    6367   2
    6367  61
    6369   0
    6369   1
    6369   2
    6369   3
    6369   4
    6369   5
    6369   6
    6369   7
    6371   0
    6371   1
    6371   2
    6371   3
    6371   4
    6371   5
    6377   0
    6377   1
    6377   2
    6377   3
    6377   4
    6377   5
    6377   6
    6377   7
    6377   8
    6377   9
    6377  10
    6377  11
    6377  12
    6378   0
    6378   1
    6378   2
    6378   3
    6378   4
    6378   5
    6378   6
    6378   7
    6378   8
    6378   9
    6378  10
    6378  11
    6378  13
    6378  14
    6379   0
    6379   1
    6379   2
    6379   3
    6379   4
    6379   5
    6379   6
    6382   0
    6382   1
    6382   2
    6382   3
    6382   4
    6382   5
    6382   6
    6382   7
    6382   8
    6382   9
    6382  10
    6382  11
    6382  12
    6382  13
    6382  14
    6403   0
    6403   1
    6403   2
    6403   3
    6403   4
    6403   5
    6403   6
    6403   7
    6403   8
    6403   9
    6403  10
    6403  11
    6403  12
    6403  13
    6403  14
    6403  15
    6403  16
    6403  17
    6403  18
    6403  19
    6403  20
    6403  21
    6403  22
    6403  23
    6403  24
    6403  25
    6403  26
    6403  27
    6403  28
    6403  29
    6403  30
    6403  31
    6403  32
    6403  33
    6403  34
    6403  35
    6403  36
    6403  37
    6403  38
    6403  39
    6403  40
    6403  41
    6403  42
    6403  43
    6403  44
    6403  45
    6403  46
    6403  47
    6403  48
    6403  49
    6403  50
    6403  52
    6403  53
    6403  54
    6403  55
    6403  57
    6403  58
    6403  59
    6403  60
    6403  65
    6403  66
    6403  68
    6403  71
    6403  72
    6403  80
    6403  81
    6403  82
    6403  85
    6403  86
    6403  87
    6403  89
    6403  90
    6403  91
    6403  92
    6403  93
    6403  94
    6403 100
    6403 102
    6403 104
    6408   0
    6408   1
    6408   2
    6408   3
    6408   4
    6408   5
    6408   6
    6408   7
    6408   8
    6408   9
    6408  10
    6408  11
    6408  12
    6408  13
    6408  14
    6408  15
    6408  16
    6408  17
    6408  18
    6408  19
    6408  20
    6408  21
    6408  22
    6408  23
    6408  24
    6408  25
    6408  27
    6408  28
    6408  29
    6408  30
    6408  33
    6408  35
    6408  36
    6408  73
    6408 103
    6418   0
    6418   1
    6418   2
    6418   3
    6418   4
    6418   5
    6418   6
    6418   7
    6418   8
    6418   9
    6418  10
    6418  11
    6418  12
    6418  13
    6418  14
    6418  15
    6418  16
    6418  17
    6418  18
    6418  19
    6418  20
    6418  21
    6418  22
    6418  23
    6418  24
    6418  25
    6418  26
    6418  27
    6418  28
    6418  30
    6418  31
    6418  32
    6418  33
    6433   0
    6433   1
    6433   2
    6433   3
    6433   4
    6433   5
    6433   6
    6433   7
    6433   8
    6433   9
    6433  10
    6433  11
    6433  12
    6433  13
    6433  14
    6433  15
    6433  16
    6433  17
    6433  18
    6433  19
    6433  20
    6433  21
    6433  22
    6433  23
    6433  24
    6433  25
    6433  26
    6433  27
    6433  28
    6433  29
    6433  30
    6433  31
    6433  32
    6433  33
    6433  34
    6433  35
    6433  36
    6433  37
    6433  38
    6433  39
    6441   0
    6441   1
    6441   2
    6441   3
    6441   4
    6441   5
    6441   6
    6441   7
    6441   8
    6441   9
    6441  10
    6441  11
    6441  12
    6441  13
    6441  14
    6441  15
    6441  16
    6441  17
    6441  18
    6441  19
    6441  20
    6441  21
    6441  22
    6441  23
    6441  24
    6441  25
    6441  26
    6441  27
    6441  28
    6441  29
    6441  30
    6441  32
    6441  33
    6441  34
    6441  35
    6441  38
    6441  39
    6441  40
    6441  41
    6441  42
    6441  43
    6441  44
    6441  45
    6441  47
    6441  51
    6441  52
    6441  53
    6441  55
    6441  56
    6441  57
    6441  60
    6441  64
    6441  65
    6441  69
    6441  70
    6441  72
    6441  73
    6441  74
    6441  75
    6553   0
    6553   1
    6553   2
    6553   3
    6553   4
    6553   5
    6553   6
    6553   7
    6553   8
    6553   9
    6553  10
    6553  11
    6553  12
    6553  13
    6553  14
    6553  15
    6553  16
    6553  17
    6553  18
    6553  19
    6553  20
    6553  21
    6553  22
    6553  23
    6553  24
    6553  25
    6553  26
    6553  27
    6553  29
    6553 103
    6712   0
    6712   1
    6712   2
    6712   3
    6712   4
    6712   5
    6712   6
    6712   7
    6712   8
    6712   9
    6712  10
    6712  11
    6712  12
    6712  13
    6712  14
    6712  15
    6712  16
    6712  17
    6712  18
    6712  19
    6712  20
    6712  21
    6712  22
    6712  23
    6712  24
    6712  25
    6712  26
    6712  27
    6712  30
    6712  31
    6712  32
    6856   0
    6856   1
    6856   2
    6856   3
    6856   4
    6856   5
    6856   6
    6856   7
    6856   8
    6856   9
    6856  10
    6856  11
    6856  12
    6856  13
    6856  14
    6856  15
    6856  16
    6856  17
    6856  18
    6856  19
    6856  20
    6856  21
    6856  22
    6856  23
    6856  24
    6856  25
    6856  26
    6856  27
    6856  28
    6856  29
    6856  30
    6856  31
    6856  32
    6856  38
    6856  39
    6856  41
    6856  42
    6856  43
    6856  45
    6856  47
    6856  48
    6856  51
    6856  52
    6856  53
    6856  54
    6856  57
    6935   0
    6935   1
    6935   2
    6935   3
    6935   4
    6935   5
    6935   6
    6935   7
    6935   8
    6935   9
    6935  10
    6935  11
    6935  12
    6935  13
    6935  14
    6935  15
    6935  16
    6935  17
    6935  18
    6935  19
    6935  20
    6935  21
    6935  22
    6935  23
    6935  24
    6935  25
    6935  26
    6935  27
    6935  28
    6935  29
    6935  30
    6935  31
    6935  32
    6935  33
    6935  34
    6935  35
    6935  38
    6935  39
    6935  41
    6935  42
    6935  43
    6935  45
    6935  47
    6935  48
    6935  50
    6935  51
    6935  52
    6935  53
    6935  57
    7337   0
    7337   1
    7337   2
    7337   3
    7337   4
    7337   5
    7337   6
    7337   7
    7337   8
    7337   9
    7337  10
    7337  11
    7337  12
    7337  13
    7337  14
    7337  15
    7337  16
    7337  17
    7337  18
    7337  19
    7337  20
    7337  21
    7337  22
    7337  23
    7337  24
    7337  25
    7337  26
    7337  38
    7337  39
    7337  41
    7337  42
    7337  43
    7337  45
    7337  46
    7337  47
    7337  48
    7337  49
    7337  50
    7337  51
    7337  52
    7337  53
    7337  54
    7337  55
    7337  57
    7498   0
    7498   1
    7498   2
    7498   3
    7498   4
    7498   5
    7498   6
    7498   7
    7498   8
    7498   9
    7498  10
    7498  11
    7498  13
    7498  14
    7498  15
    7498  16
    7498  17
    7498  18
    7498  19
    7498  20
    7498  21
    7498  22
    7498  23
    7498  24
    7498  25
    7498  26
    7498  27
    7498  28
    7498  29
    7498  30
    7498  31
    7498  32
    7498  33
    7498  34
    7498  35
    7498  36
    7498  37
    7505   0
    7505   1
    7505   2
    7505   3
    7505   4
    7505   5
    7505   6
    7564   0
    7564   1
    7564   2
    7564   3
    7564   4
    7564   5
    7564   6
    7564   7
    7564   8
    7564   9
    7564  10
    7564  11
    7564  12
    7564  13
    7564  14
    7564  15
    7564  16
    7564  17
    7564  18
    7564  19
    7564  20
    7564  21
    7564  22
    7564  23
    7564  24
    7564  25
    7564  26
    7564  38
    7564  39
    7564  41
    7564  42
    7564  43
    7564  45
    7564  46
    7564  47
    7564  48
    7564  49
    7564  50
    7564  51
    7564  52
    7564  53
    7564  54
    7564  55
    7564  57
    7602   0
    7602   1
    7602   2
    7602   3
    7602   4
    7602   5
    7602   6
    7602   7
    7602   8
    7602   9
    7602  10
    7602  11
    7602  12
    7602  13
    7602  14
    7602  15
    7602  16
    7602  17
    7602  18
    7602  19
    7602  20
    7602  21
    7602  22
    7602  23
    7602  24
    7602  25
    7602  26
    7602  38
    7602  39
    7602  41
    7602  42
    7602  43
    7602  45
    7602  46
    7602  47
    7602  48
    7602  49
    7602  50
    7602  51
    7602  52
    7602  53
    7602  54
    7602  55
    7602  57
    8265   0
    8265   1
    8265   2
    8265   3
    8265   4
    8265  61
=============
